isophoton_Eta	isophoton_Phi	jet1_Eta	jet1_Phi	jet2_Eta	jet2_Phi
0.214053	2.49454	-0.0143928	-0.208869	-0.115036	-1.73382
1.07532	-2.77242	1.30359	-0.449611	0.691798	1.31142
-1.14796	2.54396	-0.787717	0.477499	-0.61519	-1.41727
-2.37336	1.11012	-0.952813	2.81707	-0.061371	-1.78392
0.994138	0.0835122	1.87115	2.81197	2.2687	-1.66532
2.05342	-1.56625	0.892856	2.08505	2.09205	-2.51157
-0.985062	2.49808	-1.81533	-1.67793	-1.55911	-0.421844
-1.7203	-2.76651	-1.73541	-0.798857	0.64749	2.37591
0.708757	-0.48112	0.31667	2.32692	1.32786	-0.699088
-0.307394	-1.61084	-0.744108	2.5957	-0.49101	1.21714
-0.461377	2.53652	-0.197405	-1.63831	0.319957	0.730329
1.09583	-3.04158	0.00802905	-0.475817	-0.248898	1.21467
1.61337	0.992576	1.91471	-3.00714	1.39375	-0.922377
-0.35754	-1.57356	-0.67095	1.43795	-0.573299	0.916917
-1.25646	1.37868	-1.73521	-1.17789	-0.858149	3.01317
1.17804	0.506334	-0.13803	-0.603022	0.732105	-3.07156
0.384092	0.239385	2.09199	0.909917	1.2483	-2.41937
0.0316433	0.85807	0.509579	-1.38905	-0.287939	-2.97433
-1.07336	-2.77293	-1.40377	0.910487	-0.95294	-0.390526
-0.553597	2.67229	-0.597177	0.279321	-0.583252	-1.22129
-0.231056	0.660595	0.434487	2.29839	0.928782	-2.16354
1.64319	0.561101	1.74008	2.26614	1.67458	-2.05042
-1.94477	-1.01878	-1.56232	1.52541	-0.874777	2.70234
-0.875509	0.359216	-0.890688	-1.97065	0.397999	-3.10601
0.891612	-0.929864	0.489777	1.77848	1.15527	-2.92981
0.537531	-0.346704	-1.23796	-2.40979	-0.846393	1.76031
-0.954237	1.04574	-0.513906	-1.05856	-0.937908	2.94711
-1.20635	-0.147148	0.317845	1.89458	-0.259949	-2.38529
-1.39076	0.319141	-0.756448	0.136582	0.457968	-2.25735
-1.55998	1.11479	-1.99383	-1.42976	-0.966621	-2.49196
-1.02645	1.81395	-0.686554	-0.463529	-2.07617	-2.613
-1.63911	-0.276949	-1.72507	3.12126	-1.02831	0.749126
-2.11247	1.37135	-1.56585	-0.726855	-0.893188	-2.27365
-1.30227	-1.25748	-0.495497	0.309519	-0.189878	2.42295
-1.57569	1.341	-1.49282	-0.960313	-1.62982	-2.7954
-0.611346	-2.56439	-2.00425	-0.248833	-1.40301	1.40499
1.31648	1.22139	1.56796	-0.62651	1.11926	-2.57592
0.577857	0.0794726	0.36773	2.8906	0.968256	-2.50442
1.21058	1.16662	0.561517	-1.50418	-1.27181	1.96808
-2.01941	0.819483	-1.84781	-2.14546	-1.78232	-1.0484
0.492387	-2.35104	2.48954	1.2733	2.45399	-1.37308
-1.03523	-1.1715	-2.20798	2.98658	-1.91677	1.43461
0.688326	0.0298552	-0.706628	-1.49586	-0.678589	2.51973
-1.49243	-2.69073	0.0258255	-1.90105	-0.78321	0.838481
-1.18018	1.77925	-1.32989	-2.36183	-1.9371	-1.10675
-0.647745	1.6418	-1.99081	-0.444255	-2.18906	-2.61202
2.13501	0.533369	1.50806	2.12492	0.578039	-1.62984
-1.03496	-2.395	-0.0747546	0.858822	0.118398	-1.9747
0.483483	1.81194	2.34446	-0.098372	1.5764	-2.77961
0.117802	-2.34691	-0.489881	-0.264068	-1.30863	1.03676
0.8267	2.83736	0.511104	-1.50156	0.099753	0.432025
-0.0131318	-1.03263	1.94653	2.10602	1.3571	-0.974334
1.46181	-3.05068	0.428819	-0.716361	1.06892	1.77412
-1.69933	0.0814711	-1.14526	2.55368	-1.29647	-2.30802
0.00552224	-0.226523	0.352638	-1.82041	-0.987349	2.31163
-0.56862	1.86561	-1.01676	-1.1118	0.0201313	-3.05136
-0.910551	-2.94109	-2.09368	1.18294	-2.10039	-0.691191
0.745164	0.540553	0.483301	3.06462	0.0452747	-2.49137
-0.626691	2.90776	-1.63917	-0.291447	-1.07074	-1.71736
-2.43552	-0.737742	1.41276	2.9738	-1.09666	0.506809
-0.633231	-0.0105601	0.0244611	2.38131	-0.379098	1.09155
0.664378	2.94916	0.551377	-0.55593	0.608755	1.10161
-0.136376	2.91946	-1.44087	0.100995	-0.456687	2.08717
0.680787	-2.64457	0.0345027	2.28153	0.123429	-0.362841
0.917302	-2.46971	-0.53541	0.725751	-0.0507059	2.92409
-1.73741	0.894335	-0.587372	-2.85271	-1.04387	0.23008
-1.3665	-1.89687	0.159644	-0.369849	0.48487	1.80062
0.026968	1.2609	-0.398563	-2.63878	-0.754137	-1.14106
1.85816	-2.99136	2.3951	0.593251	2.08034	-0.947124
-2.16671	0.0839212	-1.48622	-1.85332	-1.38476	2.32293
-0.597624	-2.08244	1.37799	-1.20514	0.500824	1.55997
-1.6014	1.40595	0.167975	-0.765727	0.088128	-3.10262
-1.65574	2.55315	-1.12416	0.0504096	-2.17219	-1.38119
-1.52125	-0.15697	-0.242057	2.5291	-0.575235	0.271832
-0.161919	1.30728	-0.652238	-2.04033	0.0226902	1.93016
-0.713704	-1.14237	-0.428157	2.12999	0.561295	-0.127012
-2.37186	3.10005	-0.992638	-1.93035	-0.62886	0.247051
1.02794	2.27423	0.118454	0.906474	-0.578543	0.112317
0.936363	1.56561	2.16642	3.07669	2.36019	-0.470234
-0.141078	-2.29584	-0.190434	1.26324	-0.579018	-1.13294
1.18744	0.46066	0.738702	-1.24141	0.361119	-2.91443
0.808816	1.74099	1.01586	-2.88077	2.32926	-0.552215
1.77684	0.766619	2.42823	-2.87765	1.72689	-2.24805
-2.29259	-1.22724	-1.62036	2.50814	-1.41548	0.560984
-0.222444	-0.802037	0.297731	-2.26061	0.905286	0.939488
1.08019	2.74341	2.01603	0.145831	2.03418	-1.7157
-0.0977239	0.830241	-1.89216	-2.37202	-1.55551	1.73088
2.02067	-2.2621	0.155522	0.9994	0.193978	-0.635662
-1.72106	-0.22411	-0.652562	3.08834	-1.7939	-2.05113
0.0675777	-1.66471	0.51886	0.264754	1.28252	1.78765
1.31468	-0.197146	-0.963544	2.5973	-1.2623	-0.852815
-2.01549	-2.27706	-1.82299	1.64698	0.41997	-1.10906
-2.23101	0.654561	-1.52671	2.5993	-1.02787	-1.96891
1.19177	-2.65411	1.10736	0.6617	2.0068	-0.162411
-1.33409	-1.90225	-0.829571	-0.144407	-1.86744	2.16533
-0.833526	-2.76691	-0.747361	1.69898	-2.06429	0.18291
0.641104	0.757859	-0.675561	-2.63632	-0.181773	-1.12271
-1.7115	-0.759821	-0.514314	1.15817	-1.16817	-3.0598
1.06222	0.50453	0.250438	2.1293	0.432779	-3.12364
2.11022	2.62934	0.496057	-1.57291	1.34221	0.687139
0.866082	-2.73111	-1.22642	-0.0367299	-1.81	2.96945
2.42226	0.501736	1.92324	-1.48895	2.47511	-3.02048
2.36156	0.96777	1.75545	-3.04193	1.87978	-0.966596
-1.9363	2.80823	-2.21427	-1.18946	1.11981	1.57362
-0.447665	2.08289	0.335259	-0.201708	-0.67296	-1.85828
1.30308	-1.92555	1.01979	0.968742	1.2005	-0.920682
-1.98351	2.16743	-1.58041	-0.0311544	-2.13293	-1.36515
0.304194	0.13627	0.460273	-2.14576	-0.464992	2.70948
-1.16402	0.489333	0.0281459	-3.07275	-0.495366	0.417808
1.55024	2.85075	1.52165	-1.71344	0.78432	-0.260993
1.65695	-2.47759	2.09488	0.512463	1.8839	2.99668
-0.10055	0.162044	2.00519	2.77458	1.21942	-1.4486
2.20019	-2.45132	1.31292	1.54938	1.88693	-0.349996
-0.307841	-1.43188	-2.29357	2.50182	-1.48382	-0.267994
1.54187	2.4074	0.771124	-0.648562	2.28116	-0.808436
0.968237	0.0425149	0.787544	-2.97709	1.00395	0.910956
1.67384	2.39134	-0.606955	-1.29001	2.26155	0.873532
1.06598	-0.664868	-1.76765	1.14185	0.00214803	-2.51071
0.633224	2.96461	1.25123	0.437856	0.596101	-1.28808
-0.188023	-1.76675	-1.9711	2.02842	-2.07371	-0.260099
-1.24171	2.90788	-0.308151	-0.960553	-1.03129	1.05397
-1.21542	-1.21977	-0.319806	1.83507	-2.32899	-2.03848
-0.576425	0.606079	-1.12415	-1.35804	-0.288194	2.34356
-1.85447	0.370684	-0.921524	-2.4224	-1.48601	2.37141
1.24531	-0.810256	0.147285	2.61616	-0.0323181	-2.36474
2.18401	1.23151	0.341945	-2.30994	0.688746	-0.7629
-0.983791	2.12276	-0.858663	0.0962314	-1.53883	-1.69899
0.821778	-0.936372	1.33973	2.55378	1.09565	1.07248
0.977887	-0.0481584	-0.933267	-2.92321	-0.461044	2.24009
-0.309774	-1.58448	0.454294	2.6354	-0.525073	0.294481
0.132804	-2.01551	-1.22667	0.854596	1.3334	2.18006
-0.982674	0.223219	-0.640971	-2.76177	-2.23519	-1.53165
1.32667	-2.42473	0.599799	-1.58579	-0.197414	1.14181
0.187767	-2.60989	-0.740909	0.477385	0.343142	1.66136
1.69902	-0.144904	1.20058	-1.76401	-0.110559	-3.10295
1.0878	-0.579273	0.458157	-3.02576	0.744428	0.922194
2.26342	-3.04895	0.611719	-0.702851	0.62434	1.24788
-0.75058	3.04243	0.204157	1.12315	-0.28463	-0.425879
0.377891	1.71827	0.726621	-1.31661	-0.208214	0.621732
-0.342839	-2.02855	-0.108498	-1.24696	-0.576234	1.82069
2.0666	-1.38703	1.26368	-3.08474	0.679395	1.14547
-0.527194	-1.95256	-1.12166	1.04602	-1.78059	2.02113
-0.223811	2.49076	-1.23332	-1.65649	-0.993857	0.316972
2.15662	1.4248	2.02218	-1.09085	1.57773	-2.87446
0.789533	-1.72803	1.47798	0.947649	2.02086	-1.58924
-0.904979	0.36457	-1.3772	-1.31423	-0.342461	2.86088
1.1088	3.03945	1.68497	-0.220816	1.50212	1.6325
-1.82685	-2.56289	-1.45147	2.5539	-2.23233	-0.22339
-0.426528	1.09551	0.455543	-2.71407	1.21313	-0.91502
-0.861971	1.95632	1.41906	-1.20966	1.02361	2.15883
0.507914	2.38828	-0.285537	-2.02046	0.367995	-2.16583
-0.955145	1.29386	-2.20085	-1.41524	-1.48985	0.237242
0.87198	0.62064	1.76024	-1.98931	1.11445	3.00032
-2.26183	3.09271	-0.599437	-0.722723	-0.224229	2.021
0.778447	1.9117	0.844288	-1.87932	-1.00289	-0.160921
2.36941	-0.0193166	1.73664	3.13877	1.25397	-1.40675
1.89852	-1.00104	0.995075	1.42451	1.7243	-2.82414
1.17353	1.7244	1.74922	-1.29598	0.390899	1.03464
-1.30585	-2.9284	-0.980659	0.962209	-1.30843	-0.624301
0.693274	-0.541437	0.636005	-3.01095	-0.650361	2.62362
-1.06948	1.56846	-0.429521	-2.04574	-0.245502	-0.337158
-0.368095	2.94759	-0.480386	0.787897	0.121735	-1.36858
-1.1713	2.39592	-1.0388	0.554709	-1.376	-1.39128
-0.791715	2.7217	-0.917043	0.253748	-1.26235	-1.39248
-1.71971	-1.57786	-2.08172	0.846407	-1.09944	2.51025
0.0672381	-0.296223	1.82216	2.44878	1.93918	-1.8715
1.86944	0.227763	-0.0880648	1.16519	-0.355423	-0.66208
-0.289799	-2.61934	-0.974134	-0.489388	-1.84694	1.44192
-0.72615	2.51299	-1.90368	0.111854	-1.57208	-1.76914
-1.63134	-2.48461	-1.83201	1.20646	-1.41059	-0.272643
0.345077	2.82511	-0.252754	-1.15511	-0.833894	0.50468
0.827768	1.26995	1.2891	-0.910269	0.673569	-2.74851
-2.02211	-1.2073	-2.22939	2.7301	-1.48214	1.17888
0.572378	-2.31345	-0.177156	1.3602	0.170199	-0.540799
1.01791	-2.44629	1.14791	0.136845	0.942118	2.28592
-0.321517	-0.163561	-0.69012	-2.2806	0.264308	1.3629
0.0114708	-0.651576	-0.1643	1.3826	-0.754658	2.96247
-0.489103	-1.45845	0.322649	0.788193	1.00393	2.91733
0.0423498	-2.83262	0.509548	1.03586	0.816098	-2.01903
-0.970159	1.02617	-0.125793	-1.62698	-0.538934	2.02133
-0.251846	1.365	-0.864582	-2.45031	-1.01308	-0.297159
-1.77022	-0.951165	-0.114481	0.693694	-0.825858	2.89201
0.10647	1.50558	0.640888	2.75563	1.54998	2.42506
-1.70612	3.04421	-1.07035	0.596554	-0.673385	-1.00272
-0.807143	0.0639175	-1.62443	-2.18252	-1.38694	2.96632
1.10152	-2.77994	1.29694	1.07107	1.76438	-0.598523
-0.000245493	1.78133	0.134809	-0.521474	-0.257586	-2.13168
-0.172751	1.66041	-0.606413	-0.821656	0.302983	2.79177
-1.89205	-1.55189	-2.3637	1.79514	-2.14498	0.817956
0.664903	0.438306	-0.86676	-2.38326	-0.183214	2.38479
-0.698991	1.21637	-1.3575	-0.377171	-1.44017	-2.46791
1.34662	-0.289044	0.44345	-2.61338	0.262753	1.0055
0.782556	-3.12547	0.407249	2.28526	-1.01793	-2.01861
-0.393932	-2.89964	-2.2329	-1.69006	0.57899	-0.204744
-0.630065	0.380871	-0.857922	-1.57082	-1.56435	1.67343
0.0086041	1.8739	-0.399471	-1.23991	-1.9213	-2.06435
2.0949	-1.24689	2.13248	2.65241	1.16567	0.799621
0.507817	-2.65842	1.17772	1.65113	-0.0665242	-0.482869
1.65382	0.349249	-0.124621	-0.805892	0.705118	2.22087
0.175724	1.24165	-0.188005	-2.33369	-0.34782	0.61935
0.323982	-0.736538	0.0775925	2.79939	-0.589402	-2.39155
-1.20004	0.679449	-0.877145	1.54459	-1.3177	2.00173
-0.775221	-0.135826	1.47569	1.3581	-0.478494	-1.6657
-0.919193	-0.0637418	-1.47958	2.54427	-0.733559	-1.66299
-1.17836	-1.58096	-1.24944	2.22311	-1.05002	-0.00543959
-0.55335	-2.20731	-0.575602	1.59578	-1.2296	0.764807
-1.69652	-2.90514	-1.48823	-1.08486	-1.84602	0.078833
1.49543	-1.33661	0.320011	1.25846	0.454718	-3.11849
-1.21086	-0.890617	-0.417003	2.60381	-0.196325	1.14859
-1.40757	0.383091	-2.45128	-3.07727	-2.03871	-1.41353
0.340737	-2.56565	1.26465	0.474963	1.4425	1.9713
0.838601	1.81927	0.927045	-1.29586	-0.176136	-2.29188
-0.140174	2.84025	-1.29525	-0.861721	-1.39482	2.09927
1.04079	-2.78831	1.0908	0.288909	-1.11577	-2.45964
-0.702816	0.10454	-1.62167	2.94109	-0.555268	-2.45861
0.282304	1.56233	-0.883109	2.78295	-0.716355	-1.23176
2.19751	-1.3269	0.735	1.4053	0.961021	-1.77282
0.887096	0.432069	-0.00745996	2.43607	0.25438	-1.77901
1.08333	2.95392	2.29339	2.5599	0.827803	-2.68522
-0.731276	-0.626867	-0.237954	3.13424	-1.81951	2.88691
1.3015	-1.33008	1.83815	-2.82431	1.04725	0.736146
1.50574	1.2468	1.68679	-1.49991	2.0559	2.8907
0.534268	-2.35743	-0.702703	1.8551	-0.844178	-1.17958
-1.48895	-0.291131	0.656627	-2.83486	-1.08707	2.96643
0.144882	-2.45814	-1.11128	-0.0904021	0.529025	2.11468
0.949283	-0.958598	1.15925	2.88081	0.330658	1.17073
-1.43539	-2.72532	0.230562	1.39739	-0.727726	-0.190767
1.77387	-1.93351	0.951893	1.2629	0.874902	3.1314
1.41893	0.615348	1.81716	2.76708	0.522362	-2.18206
1.02197	-0.436945	2.4569	3.07015	1.1445	0.869617
0.212874	-1.19869	-0.0145072	2.51108	-1.35958	1.64448
0.559378	0.945276	0.0823427	-1.17686	1.83371	-2.7057
-1.05683	-1.85512	-1.99298	1.1508	-0.481808	1.92468
-0.268826	-2.13797	-0.293698	1.05909	-1.335	2.72333
0.330426	-1.82777	-0.806794	-0.277952	-1.62596	2.25042
2.05738	0.795662	2.17188	-1.67251	1.76394	3.01737
-2.41037	-0.149112	1.01398	2.40337	-1.962	-2.28391
-0.563369	3.11927	-0.8515	-0.327247	-1.4331	1.25362
2.10409	1.40908	0.538509	-0.372123	0.989294	-0.592724
1.78676	-0.801005	1.43219	0.20065	0.964875	2.83668
-0.533447	1.7347	0.673285	-1.78773	0.287957	0.136509
0.506764	-1.28811	1.22657	0.374876	0.0749273	0.295546
0.17791	-1.74292	0.735707	-2.81689	0.794751	1.19906
1.91649	-0.581788	1.49578	-2.65637	0.503537	1.46842
1.28157	0.337378	-2.13411	-0.783613	1.6289	2.75884
1.10807	-2.53689	0.246044	-0.176258	1.0832	1.52893
0.283998	-1.21284	-1.33957	0.0193315	-0.815969	1.71637
-0.226507	1.39933	-0.4128	-2.69169	-0.319664	-0.450784
1.4718	1.73655	1.52614	-0.865122	0.701478	-2.46288
1.27207	0.601025	0.98624	-1.52034	1.19755	2.93705
0.248773	-0.221706	0.468126	2.5156	-0.393238	-2.22492
0.596839	-2.99221	0.846193	-0.544644	-0.344328	0.508792
-1.06865	2.4117	1.14185	-1.95302	-0.89064	0.623547
-2.19411	2.10807	-1.35326	-0.43284	-1.88223	-1.62562
-0.738694	0.385235	1.21531	2.66916	1.1475	-1.43115
-1.16545	2.36199	-1.12375	-1.08948	-0.233639	0.267402
0.949586	-2.17668	0.170309	0.0203407	-0.3644	1.67512
-0.382432	0.90196	-1.46995	-0.578034	-1.55215	2.80646
-1.57688	-1.91312	0.0931548	-0.379615	1.88555	2.23126
1.78133	0.464167	1.44959	2.98811	1.50019	-0.975545
-0.157127	1.29741	-0.229176	-2.54542	0.311715	-0.469335
0.776883	-1.34478	0.318192	-0.187927	-1.32988	2.64954
0.213807	-2.20472	-0.0856219	1.59435	-0.503076	-0.275113
-0.786196	-1.82137	-1.55344	0.790478	-1.94085	2.75909
0.622577	-0.950214	0.312755	2.03425	2.06022	-2.76097
0.514922	2.31762	0.113328	0.210798	0.738985	-2.28691
2.32838	1.00755	2.19316	2.84124	1.08546	-2.97198
0.194096	-2.84644	-1.11065	-0.870085	-0.909208	2.06253
1.43779	2.65223	0.531988	1.42967	1.46011	-2.58459
0.387001	1.25706	0.261826	-1.70774	0.210091	-0.0705807
-0.788611	2.65349	-0.155296	-1.20913	-0.216881	0.652238
-0.670785	-1.3618	-1.17873	1.73573	-1.14588	-3.06034
-0.303918	0.846558	0.458415	2.98269	0.184962	-1.49526
1.5406	1.52275	0.862229	-0.98863	1.34481	-2.50245
-0.462542	1.92194	-1.72314	-1.12558	-0.894889	-2.5767
1.96365	-2.67326	1.45151	-0.368324	0.935616	1.80007
0.325317	-1.17867	-1.23693	2.54329	-1.122	1.05667
0.67312	0.774595	1.1286	3.0198	1.62108	-1.08374
-2.24097	-1.38408	-1.82692	1.01113	-1.58481	2.88928
-1.14196	-1.20732	-1.99089	1.71919	-2.02811	2.27614
-1.23038	-1.77526	-0.287039	0.464267	-0.385007	2.25827
0.898668	-1.62703	0.631559	1.56909	0.398832	1.12513
0.0378171	0.479458	-0.164048	-2.76542	0.135463	3.06476
0.552553	-2.19107	1.30285	-0.159924	2.01275	1.35726
-1.68506	2.35015	-1.66613	-1.73282	-2.05178	0.221538
1.66488	-1.32038	0.605565	1.01055	0.647084	2.76108
-0.71881	-1.7519	-1.19818	2.43995	1.32953	-0.899734
1.25523	2.83153	-0.0884068	0.418847	0.800473	-1.3967
1.33804	-2.06178	0.909979	-0.196164	0.518676	2.71942
1.15533	-3.07987	1.03692	1.03213	0.712685	-0.839171
0.797849	0.84252	2.34255	2.53221	1.91254	-1.84522
2.27244	-3.05473	1.87483	1.29474	1.07085	-1.60202
-2.05056	-0.635146	-0.796359	2.63119	-1.44038	-0.692477
-0.802321	3.13694	-0.281819	-0.415921	-0.962736	1.13206
0.264587	2.25202	-0.598965	-1.38029	-2.05462	-0.295729
0.752599	0.416075	1.38859	-2.09513	0.213868	2.06355
-1.47326	1.79181	0.26525	-0.416714	0.255786	-2.72465
0.613846	-1.51945	1.99124	0.928445	2.23208	-2.54853
-1.52134	-0.626783	-0.444832	3.12895	0.609941	0.540969
-0.216145	0.10981	-0.59176	-2.44167	-0.41607	2.25077
-0.185861	1.88065	0.258042	-0.561704	0.018509	-2.29048
-1.20786	0.346637	-1.25397	-0.799921	-1.20069	3.13516
0.400594	2.59393	1.8164	0.46696	1.62133	-1.28528
-0.367263	-3.10295	1.01298	-0.35524	-0.548086	0.570678
-1.07614	2.44992	-0.217255	-0.933083	-0.427636	0.818853
-1.89875	-0.248175	-1.11012	-2.65925	-1.89827	1.5447
-0.566863	2.7319	0.102709	-1.21735	0.190962	0.445208
0.79038	-3.00895	0.695134	-0.533326	-0.195519	1.40496
-0.208413	1.77693	2.17247	-0.424245	1.23479	2.93457
1.05479	0.167344	1.19121	2.90207	0.655073	1.40047
1.01327	-1.71081	-1.55127	1.33625	0.61591	0.174383
0.485541	-1.29	-1.11262	2.26417	1.81921	0.346874
-0.354862	0.369246	-0.854733	-1.93525	-1.10934	2.67015
1.05206	3.07879	1.31069	0.657	2.09438	-0.6157
-2.3355	-1.70779	-1.54411	2.81107	-2.44016	0.668198
1.19272	-0.414047	1.62029	2.24851	1.73215	1.08138
-0.308177	0.089725	-1.14137	-1.7743	-0.945685	2.78582
-0.859512	-1.73061	0.103867	2.04866	-0.835627	-1.12186
-1.28153	0.457307	1.42481	-1.17551	0.169643	-2.94778
1.33172	1.62175	1.83709	-2.22481	2.18298	-0.801818
0.15209	-1.20992	1.45373	1.89041	1.10411	0.332496
1.94108	-1.72342	-0.578453	3.11488	0.689867	0.465628
-2.45359	1.11616	-2.08198	-1.82581	-1.92819	-1.10306
-2.30374	-0.580313	-1.80253	2.71292	-1.79863	0.406788
-0.388115	-2.08304	-1.04796	0.975505	-0.415686	-0.0463576
-1.22695	-1.06798	0.895695	2.77624	0.603572	3.07464
-1.56104	2.38016	-1.0275	-1.48664	-1.408	0.58528
2.10269	-0.698205	2.0619	0.95622	0.501941	3.14007
1.45696	0.56413	2.202	-1.55236	1.6983	2.57221
-1.45488	-2.68171	-1.70553	0.408457	-2.16588	1.45622
-1.88823	1.25288	-1.50569	-1.06526	-1.87188	-2.84058
1.29365	-2.25602	1.56584	-0.0313003	1.38766	1.78046
1.40904	2.4271	0.641641	-0.697699	0.69385	1.79365
1.9962	2.66226	1.52147	-0.11923	-0.0881066	-1.12813
1.24017	-1.46843	1.17208	2.69869	1.25282	0.92489
1.84317	1.48039	1.93278	-0.9221	0.83497	-1.95065
-0.112374	0.687274	0.362578	-1.78097	0.452496	1.82343
0.354556	1.4335	0.286426	0.256394	1.36508	-3.04313
-1.51096	0.0136388	-2.45441	2.05257	-2.17333	-2.46253
0.59834	-1.33948	1.70858	2.89938	2.38072	1.145
-1.65646	-0.819668	-0.952127	1.24635	-0.861352	-3.13253
0.0209324	1.43147	-0.178236	-1.46127	-0.509742	2.50463
0.433891	1.29329	2.24004	-1.8557	-0.776515	-0.289744
-0.00168437	1.39417	0.998637	-2.38864	0.698369	-0.559993
0.678751	-0.221954	0.728951	-2.47041	1.15364	2.40343
-0.574488	3.13285	-0.267806	0.751371	-0.566439	-0.347618
-1.46185	1.66078	-0.910469	-1.13972	-1.47198	-2.56752
1.35256	0.763184	1.29036	-1.80325	1.63996	2.80163
0.601393	-0.997997	1.36882	2.86537	0.883431	1.32962
1.76068	1.52753	1.25832	-1.77663	1.38379	-0.224015
-2.01951	1.98129	-0.276369	-0.737677	-1.25561	-2.8353
1.32539	1.04674	-0.0016803	-1.37518	0.0811913	2.84377
-1.99674	-2.18775	-0.37829	0.768645	-0.463701	-3.05246
1.45172	0.651702	1.16423	-1.70922	1.80188	2.77871
0.280024	-1.57854	0.19463	-3.07147	0.0541061	1.19498
0.333377	-1.10022	-0.299361	2.39809	-0.40861	-0.0642954
2.0549	-1.35357	0.834757	1.98076	1.44571	-1.21955
0.644039	-2.21063	1.16673	2.734	1.75141	0.886279
-0.400295	-0.951955	0.0355212	2.61843	-0.0591957	0.781594
1.3563	2.46287	1.11724	-1.28093	1.73822	0.347163
0.712288	0.343255	-0.121196	-1.67291	-0.335037	2.61957
-1.29818	-2.79066	-2.17616	0.919364	-1.37477	-0.394987
-0.969589	1.24702	0.156131	-2.66627	-0.472789	-1.11521
-0.942369	-3.00928	0.123418	-0.663046	-0.387458	-0.530697
-2.15939	0.894418	-1.58558	-3.0886	-1.27624	-1.55627
2.03001	-2.4232	0.942204	0.537834	1.31681	1.8813
-2.40809	-0.933128	-2.23995	3.12713	-2.07084	1.40336
0.149982	0.360388	-0.919903	2.07336	-1.44738	-1.69767
-0.943907	-1.34355	1.32292	1.08847	1.15844	-2.39319
0.965824	-2.70792	1.76245	0.834204	2.15872	-2.14614
2.23961	-2.18606	0.381748	-0.147824	-0.0411653	1.80345
0.733952	-1.36662	1.04096	1.32893	0.885739	-2.86133
0.61794	1.38765	-0.398883	-2.43005	-0.445357	-1.18695
0.000715385	-1.27203	0.434717	-2.54931	1.74048	0.780847
-0.891844	-1.63405	0.881387	2.63555	-1.26521	0.631099
-2.29976	-2.85355	-1.23964	-1.63062	0.00336097	0.628394
1.38891	2.6018	0.125154	2.54557	-0.37678	-0.0841222
-2.28809	-2.99716	-2.00356	-0.395624	-1.12963	1.26491
2.31723	2.82645	1.22996	-0.702475	0.928841	0.98748
-1.41581	1.81287	-1.66593	-3.11833	-1.7386	-1.17138
1.86046	-1.0349	0.756221	2.94961	1.42857	2.25166
1.9915	0.999305	1.97008	-2.4692	2.0727	0.254884
0.425314	0.402322	0.478791	3.10128	0.671555	2.74351
1.32638	-2.75248	0.649765	0.42792	-0.434876	1.69055
-0.205279	0.336468	-1.76934	3.05231	-2.3866	0.148433
-0.237515	1.17167	-1.20079	-0.939492	-0.483244	-2.82367
-1.56127	2.41947	0.266573	-0.691859	-0.502026	3.07425
-0.542596	0.614895	1.06424	-0.555773	-1.39977	-2.17435
2.16621	-0.22506	0.25705	0.797789	1.42048	-2.30026
-0.51832	-0.574859	-1.11167	1.7791	-1.62246	2.68197
0.0263796	-0.98804	0.2218	2.69667	2.40225	0.78656
0.499511	-0.806915	2.44136	-1.04581	1.14344	1.8067
1.28346	-2.70134	-1.02583	-1.87164	-0.473511	-0.202718
-0.70859	1.67885	-0.371722	-2.66091	-1.3588	-1.017
-1.35737	-0.821121	2.19911	2.16868	-1.77046	0.459165
-1.36447	0.226059	-1.20191	2.59801	-1.71434	-2.28893
0.320617	0.512738	-0.278014	-1.29317	-0.271288	3.10061
-0.0941287	-1.58059	0.851535	2.27469	0.916228	2.7244
-0.56287	-1.76555	-1.6051	1.43996	-2.05038	-0.809302
-0.99768	3.12969	-0.847532	-0.162634	-0.735501	1.57592
1.67075	-0.692974	1.32778	2.64336	-0.0154293	0.318703
-0.865142	1.76091	0.817429	-1.47599	1.06033	-2.06283
-0.489554	0.658188	-0.134751	-1.54904	-0.336443	-2.77879
-2.24458	2.63001	-2.03519	-2.03767	-1.97299	-1.49799
-0.624781	0.529331	-1.46212	-2.75354	-1.81748	1.94196
-1.74976	0.678115	-2.40778	2.93097	-2.22739	-1.47731
0.929214	-1.47548	1.06752	1.73365	0.601741	-0.543045
0.606295	-0.560511	-0.356811	-3.13538	0.132635	0.740669
0.122043	1.55526	-0.861081	-0.943178	-1.24407	3.09827
-0.745371	-1.2007	-0.300022	2.13235	-0.561478	-0.066325
-1.29312	-1.79693	-0.922057	-0.0585933	1.18519	2.8854
0.664983	-0.193632	1.42953	-2.60371	0.978864	1.78407
-2.41318	1.42539	-1.27053	2.71452	-1.3762	-0.513648
0.108385	-1.06185	-0.870875	1.63051	0.106483	-2.21589
-2.09748	1.86334	-1.86355	-2.29461	-2.18263	-0.360816
-1.17834	-0.737864	-0.185791	2.78333	-1.27107	1.86868
-1.17455	-2.12679	-0.836663	0.894442	-1.04786	-0.805305
1.08795	0.475371	-0.625365	-1.98507	0.961299	2.56844
-2.32387	2.76513	-0.290198	-0.389138	-0.76901	-2.04057
-1.31425	3.02794	-0.596651	0.636539	-1.30611	-0.872568
0.480554	-0.890274	1.53232	2.31193	1.30462	0.389232
-0.885027	2.3349	-1.65569	0.237787	-1.50177	-1.63825
-2.29382	-0.324458	-0.96932	-1.53143	-1.63572	2.39944
-1.2364	0.870157	-0.759419	-2.90027	-0.584656	-0.976462
1.73526	-0.533885	1.20894	2.25173	1.96164	-2.8019
-0.626044	-1.47195	1.34476	2.40056	0.144477	-0.723234
-0.353959	-1.56503	0.0840617	0.962531	-0.165608	2.67919
0.109383	-0.485892	-0.581551	-3.1337	-0.529927	2.09717
0.511143	-0.467714	-0.437849	2.24942	-0.722594	-2.34788
-0.736203	-2.50487	-1.14971	0.0536213	-1.56585	1.6009
-2.02836	-1.29603	-0.340275	2.11126	0.0890256	-0.886305
1.02813	-2.19378	0.513257	1.38237	-0.492236	-1.34804
-0.967929	1.99256	0.325358	2.45621	1.0115	-1.00291
0.716566	-0.525327	1.24101	2.75556	2.02471	1.65186
-2.23252	0.0166412	-0.853292	2.94577	-1.93049	-2.69117
-2.05342	0.407316	-1.91332	-2.36659	0.478786	1.13241
-0.379883	0.821161	-0.265721	-1.95805	-0.966049	2.59693
1.57344	-1.74832	-0.0198665	1.51682	0.325321	1.28418
-1.49677	2.32819	-2.13448	0.108746	-1.66345	-2.34278
1.87536	-2.94559	-0.2305	1.22871	-1.59645	-1.10359
0.871523	-0.497024	-0.0948623	-3.00505	-0.334486	1.85392
-0.0739555	0.964199	0.0875386	-2.94986	-0.289472	-0.943978
0.830935	-3.06356	1.54768	1.04808	0.498455	0.232737
-2.25139	0.226706	-1.41775	1.61602	-1.51914	-2.42386
-0.95552	0.909786	-0.199666	-1.80383	0.0789178	2.3693
-2.21178	0.730254	-1.22573	-1.77572	-0.0307964	1.97331
0.522903	-1.43129	0.950594	2.93257	0.984942	0.923194
-0.858993	-0.914087	0.133495	1.45418	-0.0600151	-2.73601
0.0564967	-2.40193	-0.589249	0.975968	0.237212	0.299321
-0.866271	-1.61321	-1.73211	0.276608	-1.35909	2.00764
1.05582	-1.4839	0.457574	0.723097	1.2466	2.62371
0.382901	-0.632495	-0.0804722	1.47034	0.987755	3.13872
1.69049	-0.884233	0.487995	-2.90824	0.691994	1.14684
2.07083	0.653258	2.15507	-1.66995	2.41603	2.77007
-0.961973	-0.146017	-1.43093	1.83853	0.378495	-2.49166
0.146412	-2.72975	0.663623	0.349934	0.0982354	1.68132
-1.49253	1.43123	-2.13105	-2.04933	-0.968013	-1.19282
1.64328	2.42567	0.235465	-2.51908	2.25586	0.916604
2.33179	3.04457	-0.149142	0.67357	0.89806	-0.960506
0.192075	1.69642	0.268794	-1.95056	0.567897	-0.315901
1.01074	-1.79543	0.768086	0.14074	0.710823	1.52369
1.30376	0.533412	0.819246	-1.82452	0.787267	2.80081
0.565195	-0.899842	-0.0133428	1.66333	2.05756	2.43874
1.24621	2.52115	0.382885	-0.426423	1.29179	-2.46162
-0.406115	-1.47823	-0.387241	1.79103	1.12762	-0.87101
-1.2993	-3.06697	-0.35494	1.50825	0.242312	-0.666396
-1.4745	0.499275	-1.10205	2.71797	0.202726	-1.54192
-0.138957	-2.90548	0.271771	-0.169688	0.375676	2.36042
1.4823	1.79703	1.04524	0.369933	1.05611	-0.433527
0.125035	2.4141	1.52119	-0.224757	1.67522	-2.19206
-0.70112	1.84301	-0.999094	0.398824	-0.0468833	-2.41475
-1.8621	-1.71616	-1.42794	2.24369	-1.33982	0.500675
0.864785	0.292904	0.580412	-1.43303	-0.191703	-2.93894
1.63911	-0.98204	0.952891	2.34973	0.159023	-1.47816
-0.601019	0.8667	-0.715984	-3.06235	-1.1237	-1.18902
0.939049	1.99085	0.0852645	-2.0193	1.1977	-0.425636
-0.721256	1.5988	-0.20345	-1.26928	-0.0119752	-2.57543
-1.25341	-0.0475081	-2.46996	2.16077	-2.30711	-1.98469
0.541976	-1.61578	1.071	-3.10947	0.382058	1.26361
1.91415	2.02317	2.00088	-1.99359	2.13387	0.152703
0.369772	1.53203	-0.339526	-1.36626	0.510025	-2.56711
-1.25008	2.94289	-0.0864571	-0.53686	-1.42187	0.395152
0.172884	-0.804994	1.28606	2.06037	1.76662	0.158975
2.02592	-2.35116	-1.98335	-0.20128	1.4852	0.857501
1.70058	-3.06523	2.22447	-0.715881	2.20382	1.04119
-1.1543	1.41568	0.785483	-1.56378	0.0656815	1.81053
0.530075	2.69438	1.31694	-0.987423	0.398984	0.536171
-2.12907	0.59288	-2.21731	-2.45713	-1.52298	2.49185
-0.783495	1.43252	0.138807	-0.272069	0.839479	-2.28026
2.48373	-2.96164	2.12182	0.38876	1.98993	-1.34616
-2.20814	0.066695	-1.07455	-2.328	-1.68026	1.58783
-0.579584	-0.0967092	0.0400747	-1.10901	-0.987241	2.51639
2.34983	-0.561258	2.41732	-2.41327	2.36554	2.27265
0.419693	0.718904	1.15535	-1.60556	1.952	2.65898
-2.27707	1.38115	-2.1063	-2.2397	-0.858565	-0.284655
-1.98152	-0.491383	-1.03849	2.80999	-0.946941	1.09489
-1.36888	-2.58249	-1.09848	0.0629041	0.0525079	2.22416
0.684004	-2.81606	-0.150857	-0.535543	0.418373	1.60572
-0.559683	-1.06715	-0.597934	1.13672	-0.605564	2.49353
-0.279599	-1.85439	-1.70045	1.85421	-1.05243	0.882821
-0.027451	2.16778	0.887816	-0.821031	0.114913	-2.56315
1.5505	1.36987	1.26265	-1.79064	0.57632	1.27392
-1.0453	1.26276	-1.04308	-2.90533	-1.08893	-0.809211
-0.199305	-1.89644	1.12214	-0.569017	0.70594	1.72592
0.146464	2.40283	-0.717157	-0.244553	-0.356677	-3.09842
-0.204683	2.89772	0.930354	0.579798	1.58098	-1.68659
-0.878381	-1.72266	-0.75677	1.18539	-0.780511	-0.436428
-0.939823	-1.65657	-0.645632	0.919008	0.103983	2.69384
-0.128417	-1.32299	0.499281	1.41011	-0.909308	2.12471
0.984884	-1.42415	1.93125	2.12042	1.38482	-2.82549
1.11199	1.76886	1.75019	-1.9604	1.89412	-0.182782
-0.111041	0.749807	2.27339	-1.73698	0.858387	1.60397
-1.11302	-0.660145	-0.635378	1.98482	-1.05466	-1.27458
1.5357	-1.01367	0.170495	1.25889	0.856945	2.24094
-1.08551	-1.52437	-0.449255	0.596714	-0.930716	2.37105
0.0111405	-0.502941	0.752761	1.66795	0.434579	2.21564
-0.279667	-2.8894	0.635055	-0.157315	1.06269	1.05329
-0.251485	2.0162	-1.73403	-0.992751	-0.674163	-2.60628
-1.07403	-1.77898	-1.46542	1.64135	-1.19982	-0.481574
-0.849528	-0.112434	-0.684171	-2.02103	-1.02413	2.52471
-0.612181	-2.77075	-0.746085	1.31423	-0.53559	-0.286868
-0.577456	2.47711	-0.105946	0.00857603	-1.06482	-2.88223
-1.1623	1.20225	-0.504908	2.97223	0.257146	-1.38283
-0.856884	-1.90783	0.648123	0.615753	-0.19364	2.49739
-0.108947	-1.71259	0.865792	2.32218	0.049245	-0.281641
0.95647	-0.516925	1.51893	2.159	1.976	-2.67443
1.60461	2.95282	2.15573	0.138369	2.38715	-2.10353
-2.34231	-0.98893	-1.18134	1.28759	-2.16902	-2.91735
0.665692	-0.103682	0.343616	-2.54948	1.13846	2.3011
-0.366105	0.214041	-1.10092	-1.72687	-1.40103	2.90314
-0.108542	1.85656	-0.476766	0.229013	-2.14688	-2.9463
-0.450756	-2.45099	-0.0959367	0.941324	-1.1247	0.33267
-0.105913	0.998384	-0.856791	-1.11644	-1.75144	1.60183
-1.20836	-1.65791	-0.162706	2.05345	0.452282	0.141338
-0.0610552	-2.71635	-1.58383	1.56666	-0.321662	-0.797113
0.142289	-1.40426	0.20215	2.82919	1.13668	1.34739
-0.945283	1.84608	0.616393	-2.49267	1.1358	0.609061
0.677648	-1.77528	0.208938	-2.80655	-1.05189	0.694921
-1.84827	1.8114	-1.36053	-0.937516	-1.82437	-2.42954
0.856502	0.348071	1.07759	-2.66487	-0.314169	-1.1186
-1.6052	-0.31548	0.342308	-0.925939	1.09099	2.26358
-1.54998	2.10769	-0.532377	-2.47217	-0.129262	-0.233671
0.218868	1.63555	1.4338	-2.11006	1.02732	-0.420854
0.895478	0.619666	0.950667	-2.43429	1.46456	-0.901168
-1.05438	2.48586	1.35563	1.02192	0.893436	-1.80993
0.0278236	-1.97318	-1.53569	2.59669	-1.06928	0.442947
2.35833	-0.0365557	2.20119	2.42691	1.91118	-2.24008
-2.17373	-1.91344	-1.43482	1.9917	-1.01695	0.403328
-0.662475	0.18057	-1.06352	-1.80005	-0.828626	2.77303
0.522718	0.919147	0.475689	-1.34274	-0.707732	2.85536
1.24202	-2.61398	1.06331	-0.472305	2.07926	0.510769
2.47309	2.71756	2.0294	-0.738049	1.95229	-0.143673
0.137789	1.44304	-2.45042	-2.34608	-0.912949	0.848731
-0.416088	1.15605	-0.636813	-0.659441	0.0772279	-2.25345
1.20493	0.845774	1.24175	-1.70726	1.39627	2.28489
0.361781	-1.57219	0.210461	0.67527	-0.165625	2.37059
-0.249531	-1.26549	-1.26431	2.00471	-0.337342	-2.99105
0.862349	-1.40808	1.14668	1.15379	-2.0837	-0.479611
0.964037	-2.02004	0.377156	-0.790738	1.431	2.10149
-0.889926	1.17636	-0.126996	-0.36193	0.0511851	-2.54006
2.35599	2.57287	1.17142	0.108054	1.37897	-2.0588
0.550506	-2.97706	-0.909674	-0.731101	-0.304058	1.03899
-1.23028	-0.369126	0.139344	-1.63127	0.0869997	2.99248
-0.348295	1.37453	-1.41354	-2.53608	-0.686964	-0.74269
0.551098	0.00230143	1.76346	2.90085	1.54114	-1.04972
2.1687	-0.990852	1.94032	-3.13869	1.97911	1.35459
1.8169	-2.28666	1.31633	1.36103	1.40612	-0.139113
1.73357	-0.0407197	0.771336	-2.63406	1.29899	2.29867
0.62691	-0.228248	1.63042	-2.73534	0.810121	1.8729
2.35892	-0.0923932	1.84314	-2.29904	1.74298	2.23367
-0.71647	-2.32839	1.40406	2.1503	-0.815551	0.103755
0.744753	0.40782	-1.28947	1.81004	-1.16023	-2.23051
-0.520248	-1.14856	0.901841	-0.118684	-0.178215	0.551391
1.36458	-1.09487	-0.627207	2.4558	0.0020129	-1.62491
-0.859828	0.341559	-1.06917	-3.00911	0.0601064	0.601534
0.18297	0.827612	-0.514302	-1.76712	-0.0319621	-3.06157
0.134362	-1.04543	-0.0978603	1.55079	0.906026	2.70625
-0.625371	2.89397	0.180918	0.256263	-0.74215	-1.72202
-0.40865	-0.628736	0.356731	2.66924	-0.476446	1.69819
-0.641521	-2.88639	-2.02133	1.24209	-0.838319	-0.726114
2.07398	-0.519866	-0.330054	2.60343	0.482431	-0.858127
-2.39916	0.735406	-1.519	-2.3844	-1.242	0.810161
-0.287098	-1.0955	-0.0506499	2.67524	0.215796	1.17028
-1.0653	-1.69392	-1.23934	1.52305	-1.38132	0.47966
-0.0484117	-2.52242	-0.233199	1.35489	-0.641577	-0.350271
-2.00202	-2.18412	-2.41093	0.293313	-1.21035	-2.80056
0.482148	-2.21126	0.746537	1.57808	1.42117	-0.218117
1.38679	1.51702	2.2021	-2.40963	2.3613	-0.343111
-0.315005	-2.99735	-0.936506	1.19032	-1.24571	-0.905588
-0.528065	2.03876	-1.59095	0.0105659	-1.04458	-1.8217
1.80794	-1.08995	1.86452	2.13206	1.22417	0.749498
-2.08845	0.584608	-2.49758	-2.97216	-2.20556	-1.05657
-1.5904	-0.539374	0.216048	2.09172	-0.0756413	-2.49178
-1.59865	-1.08899	-0.28741	1.85593	-1.07997	0.514074
-0.0164609	2.63328	0.109195	-1.40627	-0.496105	0.387665
-0.37434	1.70481	-1.44514	-1.59591	0.780512	1.6917
-1.19542	-0.199758	0.219622	-3.04338	-0.0748309	1.60776
-2.21219	2.77082	-0.219932	-1.71783	-0.657608	0.732594
0.967472	-1.91179	-0.299179	0.734275	-0.304875	-3.01042
-0.460672	2.27669	1.01092	-1.71151	2.14901	1.24905
-0.334484	-2.84159	1.08131	-0.00347217	1.10149	-1.78179
0.22884	-0.139339	0.50228	-2.36172	0.278416	2.51895
-1.02909	-0.109772	-0.672475	-3.13526	0.0909518	-1.85681
1.76557	1.35623	0.744622	-2.19268	0.374016	2.21766
-2.30764	-1.46759	-0.19031	-2.78235	-0.503803	1.49357
0.0745667	-2.62263	1.38056	-1.23439	2.2282	0.285165
0.92658	1.45538	1.76274	-1.60908	1.9297	1.74274
0.954856	2.19979	1.52704	-0.292496	0.177285	2.65028
-2.1605	-2.74321	-1.50746	1.30413	-1.77512	-0.91444
0.56454	2.32644	-1.39217	-0.40644	-0.874562	-2.23101
0.782825	-1.81162	0.217853	2.533	-0.872518	1.18866
-1.59604	3.03699	-1.60494	-0.629922	-2.45017	0.625039
0.509926	-1.50667	0.8422	3.07186	-0.319609	0.699411
1.1262	-0.248427	-0.088917	-2.26138	0.308633	2.13481
1.03781	2.34056	1.6202	-0.442851	1.41543	1.08626
1.61608	1.84121	1.63268	-2.8038	2.25829	-0.291799
-0.490214	-2.57922	-0.23454	-0.0198851	-1.18488	1.69532
2.43372	3.0175	1.00415	0.893792	1.50756	-1.47737
-0.629996	-1.06624	-0.691938	1.495	-0.768382	3.07267
-0.843358	1.10781	-2.13698	-1.14599	-0.684243	3.09079
-1.92919	-2.83206	-1.56779	0.131405	-0.670026	2.20379
0.0726139	2.38581	0.551509	-1.10285	0.366183	0.75426
0.545985	2.25161	1.55657	-0.961784	1.62019	-2.44716
1.64323	1.41395	1.14718	-0.0222464	1.33539	-2.06789
0.275047	-0.614428	0.604594	2.02443	0.189352	-2.03893
0.567254	0.803416	2.32706	-2.17264	1.97552	2.19764
-0.696043	2.17771	-0.486326	0.384797	-1.2524	-1.85437
-2.40834	0.0772215	-2.16315	2.27232	-1.18799	-2.54378
-1.62723	-3.01743	-0.498032	-0.0747715	0.30639	0.305079
2.13149	-1.3957	1.39442	2.32362	2.09005	0.607301
-2.30158	-1.1064	-1.21084	1.15774	-0.991047	3.01297
-2.21883	1.95314	-1.40755	-0.479555	-1.82794	-2.35419
-0.328646	2.87336	1.27418	0.376895	0.552295	1.62127
-1.95911	-1.22255	-2.01917	2.78853	-2.28097	1.20957
-2.29486	-0.962239	-1.21346	-2.89654	-2.20943	1.28258
1.34045	-0.253473	0.831607	-3.0332	0.124196	0.733531
1.25997	2.94331	1.82735	0.867272	1.62048	-1.24365
0.732322	-1.65539	0.694278	1.21442	0.473255	2.96944
-0.66275	0.5404	-0.35051	-2.66942	0.0940534	2.91719
0.855188	-1.46659	-1.13407	0.761281	-0.658144	2.02533
-1.45549	0.472825	-1.98868	2.77852	-1.48666	-1.77926
0.427806	-2.79541	0.573263	-0.188875	0.968278	0.444466
0.797542	0.440778	1.81112	-1.87356	1.37232	-0.321301
1.76807	-2.40554	0.364027	0.951935	1.65524	-3.13772
0.896315	-2.63095	0.592148	1.55892	0.959446	-0.373989
1.08513	-1.17135	0.378128	0.678593	-0.203874	2.05172
-0.738763	-2.78978	-0.41966	1.62507	-0.781927	-1.16529
1.24556	-1.12067	-0.282771	-1.64226	1.34867	1.74367
-0.879428	-1.93058	-1.5214	0.442902	-1.9254	-1.6042
-0.234301	-1.94599	-1.10324	2.206	-1.17487	0.48583
-0.289315	0.290219	1.80431	-2.24183	-2.27162	-2.5116
2.02482	0.569375	2.37572	-1.94594	0.953353	-3.04562
0.777883	-2.79952	0.955668	-0.242106	0.322388	0.745835
1.39856	-0.154818	1.55914	-2.78351	1.12969	1.63645
0.799425	-1.44469	-0.0684635	2.18436	0.108693	-1.6671
0.108775	1.76257	-0.154354	-2.35354	0.0586322	-0.467865
0.932968	-2.4256	0.295478	1.22597	1.67645	1.51637
0.764516	1.54936	1.8678	-2.99123	1.0506	-0.181353
2.44956	0.194386	0.497407	-2.12328	1.42145	2.22829
-0.857427	2.91442	-1.71542	-1.23498	-2.25655	0.754478
1.38815	2.54357	1.21119	-0.206151	-1.53724	2.44628
-0.194319	-3.00888	-0.586528	1.65739	-0.634119	-0.263849
-0.519302	1.83576	-1.14384	-0.834344	-0.202125	-2.35902
-1.56441	-0.355496	-0.0338521	-1.98232	-0.0389902	2.08572
-1.62924	2.91067	0.608843	-0.305217	-0.563376	-0.797318
-0.426653	0.0524713	1.98878	-0.988768	1.92706	2.89602
1.80809	2.54297	2.23798	0.0790213	2.304	-1.79164
1.16357	1.77475	1.13359	-1.39664	0.371629	-2.63185
-1.53647	-1.97341	-0.37833	0.810022	-0.269259	1.20754
1.77826	1.19013	0.428381	-1.75721	1.22683	2.57927
0.126646	2.84093	-0.367626	-0.30654	-1.05052	-1.80766
0.216898	0.59804	-1.4876	2.91719	-1.39753	-0.777173
1.07989	-2.42895	1.29644	0.585632	1.72612	2.19732
-0.0186973	-1.69619	1.20789	2.07135	-0.0687289	-0.170539
-1.07852	-1.48118	-1.77505	2.26381	-1.57611	0.508184
0.707886	2.66874	0.493581	-1.46179	0.344482	0.307089
2.18654	-0.00786229	0.698381	-2.45993	1.57024	1.79892
-0.398151	-0.707104	-0.814499	2.18838	0.676334	0.71331
0.330147	1.47023	0.256678	-0.667647	-0.107517	2.49109
1.25268	2.95125	1.96463	-0.843258	0.395236	1.88336
-1.15679	1.8397	0.200375	-1.94303	0.692691	1.20401
-2.20818	-2.88315	-2.3358	-0.805952	-2.26344	0.698934
0.160456	-1.94654	0.0606324	1.00588	-0.111335	-2.39203
0.621135	-0.197034	-0.306107	2.45779	-0.999349	0.996038
-0.123227	-1.42504	0.0704656	0.809068	0.0823495	2.57453
-1.90238	-1.92139	-1.86818	0.619468	-2.39293	2.10397
-1.59917	0.788085	-0.724086	2.71835	-1.26969	-1.96179
-1.48069	-2.51382	-1.27379	-0.345126	-1.64056	2.67373
-1.23683	1.01537	0.828873	-1.19514	-0.0345805	-3.05577
0.970485	1.39323	1.05694	-1.78775	1.34247	2.84754
-0.112345	2.01569	0.246714	-2.41752	0.354587	-0.000341036
0.894808	1.83368	0.821369	-0.177495	0.940218	-2.61003
-1.44765	0.0531794	-1.65139	2.87582	0.0812147	-2.94132
2.09589	1.64159	1.57902	-0.857578	1.43188	-2.76991
2.31721	-1.05738	1.28223	2.30674	1.1861	-0.44727
2.08608	-0.73911	1.8167	-2.919	0.730175	2.25004
-0.841494	-0.578757	-1.43567	2.96487	-0.424353	1.38741
2.3781	0.634054	2.08378	3.11887	2.37038	-2.67129
1.09736	-1.10601	1.19923	1.97661	0.228422	1.66407
2.1336	-0.836342	1.89598	3.01465	1.55482	1.3414
0.986816	2.97284	-1.38138	-1.17394	2.2321	-0.172472
-0.0880695	2.43382	1.40157	0.46445	2.05354	-1.41357
-1.72194	0.142152	-1.11055	-1.27972	-1.24466	1.95005
0.204274	-0.677624	1.6603	-1.32244	2.00052	2.62143
0.61349	-0.232735	1.17225	2.25011	2.35302	3.09803
-1.32583	1.6696	-0.568611	-1.05507	-1.68928	-1.46786
0.215088	2.17667	0.104178	-1.3633	-1.01506	0.45099
2.15675	-1.60048	2.25618	0.503214	0.96695	2.97962
2.45998	-0.528837	2.01604	2.97368	0.114748	-1.35364
1.33143	-1.51391	1.7815	2.12934	1.96023	0.188167
-1.57943	1.8843	-2.04911	-2.52977	-2.11097	-1.2267
0.180053	0.245667	-0.647479	-2.95676	1.07687	-0.545955
1.77041	0.704099	1.74247	2.80879	0.914376	-1.09896
0.210287	0.56084	0.350337	2.71713	0.305907	-1.75476
-0.0751603	-2.74328	0.309822	1.3857	0.702989	0.277482
1.20019	-3.04442	1.42149	-0.369797	1.61195	1.35389
-0.537099	1.83252	-0.767767	-1.77899	-1.31922	-1.45158
-2.34923	0.858821	-2.05167	3.00913	-1.89826	-1.0174
0.407009	-0.133928	-0.787186	2.19189	-0.138191	0.0881921
1.35996	-0.10545	1.09617	-2.96765	0.322988	-0.837698
-0.132117	1.89785	-0.502898	-1.68281	-0.617951	-0.203725
0.391671	-0.0854644	0.714765	2.00477	1.06562	-1.56628
1.00145	-2.87565	2.29206	0.492375	1.82649	-1.9112
1.34617	1.93902	0.575082	-1.8662	0.257601	-0.0205206
0.707734	-2.46193	-0.919187	-2.34945	-0.25553	0.497581
1.252	2.92334	2.34026	1.03909	2.18078	-0.857467
-0.134079	0.557276	1.32145	-2.64804	-0.813176	1.52464
-0.802173	-1.27741	0.646954	2.32807	0.494841	-0.178245
1.15769	0.8039	2.08385	-0.881374	2.16322	2.35259
2.01051	-3.1399	0.129423	1.66629	1.22212	1.94115
-0.443784	-2.1075	-1.4986	1.4779	-1.1458	-0.162278
0.967635	2.1978	0.652022	-1.66732	0.962895	0.318487
-1.86484	-3.11967	-0.919706	1.5814	-0.0486613	-1.83012
0.736897	-0.35759	-0.0889507	-2.65998	-0.379196	1.90755
2.11551	-0.097923	1.89459	-2.80728	0.881154	2.01713
0.878338	0.538906	1.328	-2.20333	1.88484	2.70819
0.834606	2.73373	1.31109	0.442663	0.0823973	-1.84298
-1.24403	-3.08714	0.740392	1.73341	0.387499	3.10886
2.48828	0.0499975	1.48835	1.88681	1.42661	-1.79886
2.04404	-2.19407	0.443039	0.625376	-0.156729	-1.00994
-2.20997	3.13413	-0.85002	0.542231	-0.985721	-1.37266
1.75981	2.86755	0.0680044	-2.29151	0.941395	-0.0452544
0.53617	-1.88588	-0.0191831	2.41876	-0.160754	0.765893
0.0855823	2.4496	0.349287	-1.00245	0.298339	0.639776
0.442785	-1.49942	0.225948	1.42455	1.65396	0.986024
0.755418	-0.404457	-1.50625	-2.57674	0.86674	1.82381
0.237617	-1.34277	0.678385	0.893893	0.464542	2.33598
-1.72393	2.33553	-0.639773	-0.279809	-1.67731	-2.34508
0.680295	1.98072	1.49752	-1.31007	0.509132	0.136605
-1.02386	-2.7238	-0.318077	2.21632	-1.29691	-0.79283
0.185755	-0.36867	1.32073	2.77008	1.74185	0.137729
-1.41813	-0.406327	-1.25451	2.33076	-2.26725	-3.01751
0.758881	-2.59159	0.505475	1.19853	1.48419	-0.346318
2.16573	-2.80189	2.02648	-0.381542	2.03449	1.82089
2.36657	1.6857	1.39146	-0.0370894	2.31693	-2.12734
-0.574685	0.212987	-1.21575	-2.0016	-1.6093	2.81457
-0.511519	-1.49023	0.0486403	2.52441	-0.527745	0.801002
0.0971354	0.930322	-0.745678	-1.26068	-1.02663	2.98402
-1.05361	1.90131	-1.1356	-1.36075	-1.60527	0.221055
2.29793	-1.14484	1.44937	1.19122	1.82626	2.8679
1.70638	2.70259	0.517059	1.27849	2.3017	-1.72777
0.243538	2.77879	0.756388	-0.757787	0.503047	0.0400517
-0.0777438	0.192742	-1.29285	2.92121	0.0415373	-2.83378
-1.4711	-2.75675	-2.4216	-3.03702	-1.15915	1.02436
0.10934	2.60499	0.334647	0.924153	0.455681	-1.09852
1.20295	-0.249956	-0.870426	-2.89894	-0.438475	2.07797
-1.28091	0.0207357	-1.68027	-2.26959	-1.68412	1.72194
0.717703	1.51382	-0.392552	-2.57708	0.939604	-1.15914
1.4391	-1.02561	1.80766	2.24592	0.692036	-2.76013
-1.87469	-2.71523	-1.49948	0.0428714	-1.05408	1.57679
-1.24785	0.373563	-1.55788	2.21813	-2.38245	-1.77315
-0.328633	2.22372	0.428964	-1.43593	-0.252835	0.98986
-0.507972	-3.14057	0.705508	0.539432	0.544532	-1.22884
-0.0132245	1.42591	-1.48209	-0.754971	0.199663	-2.26727
-1.39601	-0.930156	-1.54792	1.27941	-1.83998	3.09756
-0.727113	2.0443	-1.63162	-1.7107	-1.73584	-0.0965035
-0.222141	-2.55911	1.53572	0.331608	1.86083	-1.63436
-2.44321	-0.678511	-2.3995	-2.59454	-2.00119	0.705587
0.493502	0.247972	1.11726	-2.12348	0.695679	1.63573
-1.24297	0.27716	-2.02989	-2.22545	-1.30936	2.64045
-1.10272	1.28163	0.911118	-1.61236	0.132956	-2.14343
-0.873926	-2.39112	-1.93175	-0.0370211	-1.37864	1.46068
-2.31604	0.565088	-0.956127	-1.83231	-1.24337	-2.31366
-1.07549	-0.713187	2.1444	2.29681	-1.37448	-1.29562
-0.159043	-0.0153457	1.35441	-1.69168	1.10731	2.45576
1.46707	1.19122	1.11633	-1.58764	1.45289	-3.04582
0.47216	2.95135	0.903845	0.537648	0.993182	-1.13276
0.892246	-0.612489	1.91767	-1.52142	0.731467	2.09989
-1.78436	-1.60998	-1.69435	1.21772	-1.52723	-0.831582
0.773763	-2.91758	0.836535	-1.25767	1.32633	0.567598
-0.634361	-0.486287	-0.487568	3.05399	-1.47079	1.22243
-1.92245	-0.47193	-0.486239	-3.13409	-0.719325	0.507707
-0.202602	-0.489688	-0.580447	-2.10664	-0.669569	2.38738
-0.454001	-1.15884	-1.06255	2.98147	-1.43353	1.05093
1.1429	-1.92999	-1.90461	3.08529	0.376005	0.706372
0.177136	2.30393	-0.132072	-0.320765	-0.382082	-1.42612
2.42298	2.73224	-0.28024	-0.137295	2.01144	-2.27929
-0.537144	0.615306	-0.221328	-2.03162	-0.160146	2.54521
1.59041	-0.467373	0.543341	2.53201	-0.281185	0.228026
-0.955288	2.03894	-1.48674	-1.81171	-1.82021	-0.0331985
-1.11229	-0.81559	-1.97851	2.02307	-0.460533	-2.6198
1.66074	-0.813901	1.21959	2.37715	0.486037	0.929659
-1.73955	0.033451	1.08359	2.57269	-0.735575	-2.21902
-1.87154	-2.58368	-1.48599	1.92978	-1.15126	-0.310953
0.595694	3.11574	0.774999	1.31735	-0.174317	1.38334
0.370943	-2.18983	0.286815	0.12374	0.0563983	2.77937
1.06765	-2.44241	1.14387	0.647107	1.30685	2.30262
0.00845658	0.666703	-0.495017	3.1328	0.779707	-1.17576
-0.568022	2.50693	-0.372597	-1.25107	-0.0207145	0.383253
0.748448	0.947292	0.59023	-1.17526	0.887939	3.10298
-0.811599	-0.27535	-1.23411	-2.45721	-1.15699	1.81866
-1.82149	2.09987	0.107935	-0.884278	0.287609	2.05716
0.500033	-2.07039	0.00211902	0.935646	0.414264	2.54325
1.53338	-1.91253	2.24659	2.11264	1.22512	0.80698
-1.58867	-0.567115	-0.732808	-2.23005	-0.104138	1.25014
1.88154	0.695145	2.05195	-1.55884	2.29955	2.92213
-2.23252	-0.714743	2.25319	1.66762	-1.15499	-1.71612
1.04773	-2.85929	0.403821	-0.154782	0.822652	1.69067
-0.57694	-1.25755	0.14238	-2.42734	-0.330824	1.4948
-0.270841	2.32722	0.167841	-0.220851	-0.967383	-1.13914
-0.110441	3.12459	-1.35635	-0.321513	-1.578	-0.795763
0.107971	-2.31239	0.866813	0.670465	1.75801	3.03323
-2.47638	2.92948	-2.32747	0.0485428	-1.45848	-2.71616
-0.43623	-1.87232	-0.898456	1.63008	0.064816	3.10023
0.145638	1.56588	0.226899	-0.813869	0.672311	-2.35971
0.359124	-2.52438	0.752077	0.193853	1.20517	2.15851
1.26789	0.5919	-0.383512	-0.692322	1.01158	-2.26051
2.34893	-0.567771	1.41391	-2.49126	1.52088	1.35752
-0.276582	-1.08037	-0.255872	0.56967	-0.0530107	2.36386
-0.292289	-1.75335	-1.36512	-3.13667	-0.17797	1.65059
1.03464	0.574838	-0.945869	-2.90861	-0.490868	0.201318
-0.100262	2.45822	0.612404	-0.656283	0.881102	1.08461
-1.09901	-1.09389	-1.63779	2.39447	0.0787202	-1.6624
1.47612	2.04676	1.81556	-1.935	1.24103	-0.32338
-1.96189	1.30733	-0.980601	-0.336653	-1.46687	-1.78295
-0.303898	0.945095	-0.24041	-2.00127	0.578453	-1.03548
2.41442	-2.83841	1.52292	-0.857973	2.37671	0.444706
-1.07026	3.0172	-0.604163	-0.970256	-1.89181	1.04269
0.804205	-3.07978	-0.387583	-1.21782	0.306159	1.42616
0.654287	2.38617	0.206644	0.692993	0.146432	-0.940263
1.35916	-1.44347	-1.66842	-0.683359	-0.431293	2.18285
-0.693003	2.40949	0.384899	-2.7396	0.469593	-0.353388
1.41662	-2.74768	0.312759	-0.862171	-0.402851	1.05426
2.31322	-1.91135	2.18904	0.9508	1.61921	2.3504
-1.38809	1.71845	1.06075	-2.47622	0.687985	-0.879652
-1.5424	0.11507	-2.07968	-2.4833	-1.6359	2.57051
1.55817	-1.11592	1.71301	0.488281	1.41358	-2.49541
1.26897	-0.868569	-0.128055	-2.04941	0.434612	1.13686
0.924936	2.84052	1.789	-1.33143	-0.936723	0.820027
-2.19553	2.50344	-1.44868	-0.369995	-1.56677	-2.81291
2.38983	2.94581	0.255131	-0.0139552	0.996975	-2.08231
-0.891738	-1.60385	-1.79197	0.975423	-0.404538	1.92009
0.115141	-0.636258	0.944281	1.66534	1.68579	-3.042
0.0580218	-1.54764	0.0494001	2.7053	1.53167	1.27426
0.495889	-1.5716	0.861152	1.51221	0.951938	-0.107426
0.219303	-1.6305	1.48429	-2.51719	0.575058	1.11722
-0.423108	2.1557	-0.809001	-0.191155	-1.23181	-1.70802
-0.483633	2.81405	-0.86843	0.984484	-1.36599	-1.86006
1.91143	-0.571939	2.37455	2.2894	0.0577456	-0.259844
-2.34432	-2.398	-2.42464	0.237796	-1.77171	1.55475
-0.542887	0.860079	-0.507875	-2.37283	0.585642	2.23384
1.76819	-1.82691	0.982779	0.361679	1.72756	1.79989
-0.0821481	1.55951	-0.636721	-2.59465	-0.703457	-1.66994
-1.46485	1.12212	0.356674	-0.293949	-0.650772	-2.48928
-0.746829	0.152523	-1.54776	3.13512	-1.46839	2.62691
-0.357016	0.15316	-1.38004	2.57824	-1.50337	-2.26195
-1.71845	-2.32347	-1.19714	1.77637	-1.92354	0.0222202
0.525558	2.54236	0.778852	-1.4954	1.8647	1.5599
-0.923015	-0.110299	-0.850267	3.09805	-0.883978	-2.0352
-1.45068	1.15587	-1.34591	-2.41417	-0.72136	-0.685378
-2.012	-2.99362	-1.12743	1.14737	-1.25114	-0.969722
-0.971175	1.00056	0.693201	-1.45438	-1.86371	2.75791
-0.243919	2.07189	0.166709	-0.554129	-0.943832	3.12423
-1.83735	-0.582127	-1.89386	1.73818	0.646933	-2.14894
0.93884	0.281523	1.56763	-1.77796	1.25693	1.50876
0.729695	-2.5099	-0.00502179	0.900468	0.964498	-1.2584
0.492613	-0.828452	1.44632	1.674	0.525498	-2.71459
0.228971	0.961749	-0.386401	1.93087	1.28259	-2.94219
-1.76074	-2.28442	-1.13685	2.9923	-0.788559	-0.0290401
-1.3672	1.74257	-1.12264	-0.681741	-0.277535	-2.66719
0.961348	2.72522	0.685625	-0.72691	0.920356	1.14533
-0.568255	-2.45205	-0.124255	0.589362	0.354914	2.06801
1.29558	-2.58047	-0.184278	1.63274	-0.00206009	-0.221305
1.28039	-1.47712	2.29835	1.98481	1.46679	-0.0213229
-2.13584	0.528984	-0.14863	-2.4952	0.813898	0.560925
1.0038	-1.46016	-0.964874	2.13336	-0.604381	-0.717316
