isophoton_Eta	isophoton_Phi	jet1_Eta	jet1_Phi	jet2_Eta	jet2_Phi	R
0.0	0.0	-3.009386803670562e-15	-2.713043992422283	-0.5009422550300986	2.019817682384239	1.6292472212555869
0.0	0.0	1.611462186132158e-15	-2.3339984668763174	0.16658271440446315	2.226310648575016	1.7309107928378065
0.0	0.0	-6.117883297888351e-16	-2.0976262974061903	0.9236233237016531	2.195959989925535	2.1935323804004483
0.0	0.0	7.468827941717895e-16	-2.2207278270218076	-3.628346240987088	0.7455630176154577	4.68655287172395
0.0	0.0	-8.826799976438158e-16	-2.865943477203422	-1.7485813993652253	1.274906053556414	2.7653461788958835
0.0	0.0	8.197772546287262e-16	-2.8764090578782056	0.41676064348810943	-0.8493719711288907	2.0694368279843123
0.0	0.0	-9.499093005386615e-16	-2.264847175199993	1.604496440271712	2.5062079812408635	2.204755410384048
0.0	0.0	-1.6905125662973404e-15	-1.9677110154971942	-2.3589602825421254	1.1589138689105898	3.9166920714308397
0.0	0.0	1.8804809451394682e-15	-2.8352814423208503	-0.5830121638827209	0.3014886239939866	3.1904905002466317
0.0	0.0	2.590873540420199e-16	-2.1220685308507345	-0.7616736872277661	2.7296591197511932	1.6214863022517154
0.0	0.0	9.641533901521865e-16	-2.1248160668858675	-0.9996693687209167	1.6951312342347196	2.658360457359459
0.0	0.0	3.6627803999803225e-18	-2.786835244321039	2.0292392640456476	1.3412487251552878	2.960113809723352
0.0	0.0	1.790282436980466e-15	-2.303266782730828	-0.032804019205990964	1.927226461247597	2.0529541665622024
0.0	0.0	-4.844435675968747e-16	-3.027774481066911	-0.043193444986668154	-2.499432327533631	0.5301048055715025
0.0	0.0	8.718156026135936e-16	-2.6010097515003667	0.09065627902163007	1.6798781657891007	2.004348621993397
0.0	0.0	2.268845983342868e-16	-1.7212527355493155	-2.3558733210702623	1.4026118408154866	3.912629422319149
0.0	0.0	-8.722044087704745e-17	-1.8348102739596808	-2.7906762559138127	0.1672113990368586	3.434525403089778
0.0	0.0	1.0641154883021913e-15	-2.2973834742451005	0.19725832384578207	2.463649857839823	1.5348802825012218
0.0	0.0	-6.155775922860514e-16	-2.6206804496381104	-0.18090950621427407	2.378575528793927	1.2966120355205806
0.0	0.0	-1.2377460336202286e-14	-2.3933657997391453	-0.0731616098972172	2.3886691528889243	1.502932136902027
0.0	0.0	8.029827971911817e-16	-1.7678574452918987	-2.1377063900596394	2.1797188062608415	3.166205658327953
0.0	0.0	-7.554069414861034e-17	-1.7077897012281698	-0.1795018693926667	2.605533792608635	1.9780233782191687
0.0	0.0	2.656628641780588e-15	-2.5727749140956737	-1.4389627896003223	2.374542008145547	1.9634556913086136
0.0	0.0	2.8008025258823024e-14	-2.329915444817043	1.2551224518080635	2.8261961916950082	1.6868987604905652
0.0	0.0	-9.448515121095644e-16	-2.7379917073579683	0.03271439366207352	2.016985203794842	1.528558514823495
0.0	0.0	-3.734047749408604e-16	-2.7218912789597236	-2.423365942029459	0.6942990313860973	3.753979595157407
0.0	0.0	7.091994926049655e-16	-2.149876712642147	0.405415465475149	1.8577170972714248	2.311423449322043
0.0	0.0	3.046185142157681e-16	-2.547905732951869	-2.0972747137026615	1.2273521256055326	3.2692906435936773
0.0	0.0	3.950582362192191e-17	-0.6600602259074551	-1.9646650007689144	-2.4892152429668837	2.6843465949239858
0.0	0.0	6.495228229994109e-16	-2.5812711064512386	0.13507305937712083	2.7380898679606904	0.9732430712851315
0.0	0.0	6.860880771938145e-17	-2.302702735104338	-0.7642273025880383	1.9908486190564827	2.1313579326396748
0.0	0.0	8.991414874658029e-15	-2.886256643922637	0.579969949986939	1.0438109995287213	2.423536234975173
0.0	0.0	-2.1853189137599677e-16	-2.1682383739858953	1.8449947613769746	2.245587816370976	2.6265013187045385
0.0	0.0	4.861493977003904e-16	-1.7624893019618586	-2.180410317821243	1.804871739668547	3.482799247072257
0.0	0.0	2.710089326284306e-15	-2.302804585905847	0.02316046530495623	2.147342731114204	1.8331843007513597
0.0	0.0	-1.1212072365286902e-15	-2.7022186761002525	1.8710742506362934	1.5746453686574169	2.743400054574696
0.0	0.0	-1.0066855513945136e-15	-1.8649334037439518	0.13979324072706578	2.4897649730631657	1.9335469973006607
0.0	0.0	1.5683022756298079e-15	-2.8189697790433588	-0.1967086449790122	2.6058046850303804	0.8806608124420954
0.0	0.0	-3.137549902332162e-16	-2.748536959542112	-2.6014440952510127	0.1925794978278847	3.9265350369669436
0.0	0.0	1.2899279746621242e-15	-2.969904637063116	0.12876831407225936	-1.8784614159146278	1.0990130043361632
0.0	0.0	6.946878355666197e-16	2.9578163843501346	2.1557712378209595	-0.39615964129740444	3.6369790547691636
0.0	0.0	1.003857832000334e-16	-2.4272237492870006	-2.0309956329486276	1.8557960132093194	2.850544766741
0.0	0.0	-7.37816938173016e-18	-2.0672937705190915	-2.6889181806857603	0.9152333879823337	4.015687890464223
0.0	0.0	3.5627306254308804e-16	-1.7113428252925393	-2.7705106295833004	0.6415904802685481	3.6348348365575958
0.0	0.0	-2.4473793604316125e-16	-2.147330489502478	0.9562875482600481	2.8262055854878616	1.621624798259788
0.0	0.0	-5.908032759174343e-16	-2.4810177462585794	-2.394516277673162	0.8719330680547464	3.7841752585239656
0.0	0.0	-1.6980063926222977e-16	-1.7105849549499137	2.2414686996257758	1.4420297989708588	3.8502797197519634
0.0	0.0	-5.87098450605336e-16	3.1052871878127615	1.226444205718775	0.05216681342428003	3.2902445821317325
0.0	0.0	-1.1743345449634602e-16	-2.666932194839794	1.9632695834127394	0.44907696916223805	3.6829255446313702
0.0	0.0	-1.0030108911207048e-15	-2.169679567459905	2.181436702055443	2.3839528481323207	2.783885645976273
0.0	0.0	8.940556127136093e-16	-1.9697127759950517	1.1029485940257386	2.2577849326210515	2.332883859936249
0.0	0.0	8.997250242298874e-19	2.582996367020011	-1.1314118447682986	-0.775139243533209	3.136241140316861
0.0	0.0	-1.6103511653771816e-15	-2.552668329384372	0.9494494293911101	1.1746471969600882	2.726522428948147
0.0	0.0	1.4801701693030462e-15	-2.5335371341543844	-0.9156761035615583	2.2435465606814433	1.7626130583137498
0.0	0.0	-2.1267506460790728e-16	-1.631246492596805	-0.4300341228025479	2.6912979403725594	2.007247365024645
0.0	0.0	-4.450647459273077e-16	-3.010946656402268	0.37885037848413516	1.438625993629313	1.8723415782732966
0.0	0.0	-2.0455729140446647e-16	-2.462061305321777	-2.124629445336494	1.4013251143582428	3.220167221734765
0.0	0.0	-3.260074115446113e-16	-2.537614322795724	1.0090248606065348	2.943513366856256	1.2889637664248355
0.0	0.0	-1.020366204074516e-15	3.037259256790381	-0.09529447560458285	-1.7138491882872255	1.5350376374763581
0.0	0.0	1.0719158991665446e-16	1.6547289491956896	1.7786601933341817	-0.4216885199402647	2.7340705165530297
0.0	0.0	-6.820223009279148e-16	-2.480645374429086	0.04716352574331	-1.1300468379896778	1.351421771614181
0.0	0.0	-1.6122695048313732e-15	-2.7803925553371487	0.1306653595097112	1.8437628601458482	1.6641675449661304
0.0	0.0	7.403508346453334e-17	-3.105712406560047	0.05890177347348786	-0.8898518763831866	2.2166432523331308
0.0	0.0	-1.178036788211195e-16	-1.50311806834633	-1.4842666249419694	1.8204086782061808	3.3109856854733994
0.0	0.0	-3.0738063409648917e-16	2.87079412912106	-0.49728203053609354	-1.2168632220571194	2.251140249624135
0.0	0.0	6.64252725624624e-16	-2.7847073561049402	-0.9059599152494421	0.31854209860899557	3.232788354690285
0.0	0.0	1.6409927542282637e-16	-2.158913764645776	-3.1373296879977963	0.5201476014346159	4.125555401932798
0.0	0.0	-2.982791374696486e-17	-2.4211927187471582	1.1910974006302018	2.2272906960783043	2.0226129868697513
0.0	0.0	-4.5526686691879896e-17	-2.7514737605453887	0.616833546351082	1.961576190769032	1.6869524769956865
0.0	0.0	-7.09674745466054e-16	-2.0532827635465694	1.4798004973283785	1.8533204518064663	2.7996342530916394
0.0	0.0	1.6433179085285145e-16	-2.161644273925754	-2.85931463038242	0.06783860401338494	3.625779096765651
0.0	0.0	3.4388472523146216e-16	-2.8012263176962335	2.4307457825102654	0.3086086390052219	3.9471000135686687
0.0	0.0	9.280895581118164e-16	-2.55857124313398	-0.017174073736424354	2.4048908355164196	1.3198349702626473
0.0	0.0	4.3466971733173027e-16	-2.9751145820201614	-0.6697362200117429	-0.7938947858711396	2.2817244363656184
0.0	0.0	-1.1861728524361608e-15	-2.976241775441559	-0.28470271290122773	-0.5839558342814302	2.4091674202939326
0.0	0.0	-1.337302445408399e-15	-3.0243356492892866	1.3651697977454689	0.8904413183857742	2.733687370441432
0.0	0.0	-2.250054966805412e-16	-1.8632563836383467	-3.283779854946472	0.6280463026312044	4.121868412548628
0.0	0.0	2.507119736515194e-16	-1.6425350101997829	-0.1406649806520086	-2.6897711449259343	1.0566409790737816
0.0	0.0	4.796519494333603e-16	-1.9484360368380074	-2.3894654883428825	0.6799991163842114	3.5522129264271305
0.0	0.0	4.220026905334934e-15	-2.724552392474769	-0.4589343827924983	1.1547757729926917	2.4472739784236506
0.0	0.0	2.270542376532427e-16	-1.7602295525141027	-1.5403837826438436	2.6013539768452847	2.4627902042914465
0.0	0.0	6.681857102884274e-16	-1.6742763419677118	-1.7923555392549604	2.087582513354397	3.0934811226083405
0.0	0.0	4.0542828488007852e-16	-2.718122184229095	-0.6739621128863795	2.9387921417573457	0.9200218864195023
0.0	0.0	3.3556339662157336e-16	-2.6349962155935756	1.304291562986587	1.5052875290116523	2.5086258366208423
0.0	0.0	-4.3810930091419854e-16	-1.5485532690075594	1.6471982896653898	1.2615157839077615	3.257261163558887
0.0	0.0	8.064621107290665e-16	-2.761016690793629	1.5157847613293396	1.3927469991653398	2.6138171065636384
0.0	0.0	-5.276985526187635e-16	2.717782734740785	0.8064137042241338	-1.5119483652935113	2.206122671839257
0.0	0.0	-5.090375089554339e-16	2.7322193600704074	-2.408706838467328	0.42454163167907233	3.3357525585379775
0.0	0.0	-8.996310348880098e-16	3.1261366472239955	-0.6868933010888301	-1.694545761825065	1.6157775633177034
0.0	0.0	-7.463385579354177e-16	-1.9815365355171446	-1.8277173902848145	2.4797390696095745	2.580679333273295
0.0	0.0	-9.72530667383376e-16	2.6777403913485314	2.4116281091294396	-1.1201685682154103	3.463025939949194
0.0	0.0	2.204881287837887e-15	-2.3669860224317896	2.5223824615954804	0.966062176588818	3.8814587772512907
0.0	0.0	6.932813655055315e-16	-2.068344330163863	-2.0245680782890965	2.057005115164713	2.9589071479716123
0.0	0.0	2.6510792111234423e-16	-2.968575628438518	0.7438502030625664	2.5138664807234252	1.0929331149561454
0.0	0.0	-3.3189238621239965e-16	-1.828811481265907	-0.09857189315005531	2.276763642010994	2.1798400242118388
0.0	0.0	3.123397093066299e-16	-1.8193368684006668	-1.089677472918105	3.004799670711979	1.8210492312353461
0.0	0.0	-1.1405646195078288e-17	3.108289377365755	1.5286725400484569	1.3699732063773356	2.3148613014645267
0.0	0.0	3.219596409217219e-16	-2.260960812282468	-1.678757406366672	1.663395461070531	2.895220343990113
0.0	0.0	2.374566016889474e-16	-1.8162784941808896	-0.6235810125768406	-2.6563977440497415	1.0462569632965701
0.0	0.0	-3.365991062748988e-16	-2.6335933519120975	1.797243342292571	1.0639081036847249	3.1489434119639
0.0	0.0	-1.0852971673566153e-15	2.87169754620491	2.47092391880185	-1.1812713942117679	3.3285627611754967
0.0	0.0	1.0069577594256822e-16	-2.05227963762154	-0.6200768770690457	2.6909569495278114	1.6601016215275681
0.0	0.0	-1.4554377622413032e-15	-2.3528928522271175	0.963817083895873	1.7449757646301152	2.3884204839623595
0.0	0.0	-6.819211077067317e-16	-2.302337099566419	-2.8846950877763957	1.5945546195595597	3.743776547528848
0.0	0.0	3.0766189328123766e-16	-2.4150275384309805	0.5461268929484563	2.2885670086075605	1.6713352604203915
0.0	0.0	8.279099878834466e-16	-2.9081230038229124	0.0042045737487470015	-1.0100815191773345	1.8980461416614713
0.0	0.0	4.090121395965752e-16	-2.2352321968697924	0.3490717963747827	2.732453983740657	1.3610250074956296
0.0	0.0	-2.950164829754561e-17	-2.2873612690480276	-0.5918092180311275	2.6196981994400397	1.497985472046058
0.0	0.0	2.2048672454918123e-16	-2.9708007841760233	-0.6411556164411935	-0.20281388721414828	2.841272951732501
0.0	0.0	-5.667620110341995e-15	-1.7192330424364926	0.8175608444873915	3.0985758357687594	1.678014842911861
0.0	0.0	-8.003058229145284e-16	-3.021952949287762	-0.3417792487691059	0.7674876036785669	2.5170570025439063
0.0	0.0	2.664535929236386e-16	2.9276696539757454	-2.038454695912122	0.42567281842962457	3.227272178228695
0.0	0.0	6.275306205750282e-16	-2.4488746865429207	-1.0533218000013285	1.8450494752764657	2.250921304443541
0.0	0.0	2.5271487630128634e-16	-3.0762316021544533	-1.6494556396183133	0.12982034651140317	3.491339802016791
0.0	0.0	1.354320352753837e-16	3.131526515057571	-0.03328566607326359	-3.128177614512396	0.04073452181964738
0.0	0.0	-7.9132616575977e-16	-3.0250063987292672	-0.016225445972351617	0.8690236460771411	2.389210357591489
0.0	0.0	-1.869007429124972e-16	2.823189238148396	0.5585799031033708	1.5287683476619438	1.409800322697761
0.0	0.0	-5.971568436122964e-17	2.9225768937484706	2.1283281940998062	0.09534278975329019	3.5387898469100385
0.0	0.0	-2.4237393770062972e-16	-2.601233782756175	0.4463488063870264	1.981176936228615	1.7583689762994288
0.0	0.0	-9.090238131219756e-17	-3.0609775818664415	-2.410371415127364	0.12618375056602527	3.9236787344368604
0.0	0.0	7.950862178675978e-16	-2.588930495689317	-0.8647766133136858	1.6533058620732315	2.216599017653125
0.0	0.0	6.228564518307495e-16	3.099763898915201	0.8382584956965828	1.0989298901169726	2.1693349295051436
0.0	0.0	8.609766049393659e-16	-2.0390601074480372	-0.18907819138226484	1.751047335815229	2.50023754831535
0.0	0.0	4.630632969857732e-16	-2.944776132403277	0.9833375846715952	1.7809307940647874	1.8419260874995913
0.0	0.0	-1.5974915029233177e-16	-3.060521160696056	-0.6348678365380972	-1.9093708121512298	1.3146118418854438
0.0	0.0	-1.3408906669608126e-16	2.980108565888198	2.3533970197632845	0.8215887932325328	3.193381458826392
0.0	0.0	-7.039430001503602e-16	-2.030387939040704	-0.4022915595551396	2.4909623770868077	1.8071804100821725
0.0	0.0	1.7994214222616797e-16	-2.840652975869903	0.635566028073178	1.9252397394213752	1.64502917464702
0.0	0.0	1.551084391708395e-16	2.8308771931233454	-2.4650742851843153	1.1090590297123943	3.0068669773252066
0.0	0.0	-2.559580748085094e-16	-2.2002337828647764	0.4506004824299501	1.836792667710729	2.2909103875680206
0.0	0.0	4.834881142064144e-16	3.1073896575963205	-0.19137851364683822	2.400612982240337	0.732228792327187
0.0	0.0	-5.758272383505613e-16	-3.0044833616330773	-1.443972211539518	-1.6010327259986514	2.0136358743231106
0.0	0.0	-1.8862355137869876e-16	-1.1100278258859095	2.9307965495716393	1.0551897218490336	3.6438627092688805
0.0	0.0	-7.176323399740642e-17	3.059258192835808	0.43076367143243743	1.9714126230383284	1.1700279160575426
0.0	0.0	2.0334368346959293e-16	-1.6940916955218217	-0.8591576075731089	2.923652527058777	1.8739919425976725
0.0	0.0	1.2508958387658447e-16	-2.5262123720340695	-0.7067669132692069	1.3684984518737744	2.4908492180243065
0.0	0.0	-1.386198183265023e-16	-2.869197921231995	2.4837286209533738	0.6806488009374286	3.693243517945751
0.0	0.0	-2.0296940387224734e-16	-2.1436320714080104	1.6708814561330472	2.3127458111023986	2.475695903635122
0.0	0.0	-3.1966555789497167e-15	-3.0548501153575445	-0.7074501063981198	-1.0224622259165805	2.1519958610994125
0.0	0.0	4.037566220019749e-16	-0.8159648475155041	-0.4754542801213025	2.3984382860271523	3.1053954340337184
0.0	0.0	-2.62575416656789e-16	-1.8780041987439748	-2.336771506413587	1.6962879734404102	3.577513534567068
0.0	0.0	5.198919619807589e-16	-3.0569383117027407	1.678582978044993	2.0216649802868263	2.066073243014788
0.0	0.0	6.702491055242566e-16	-2.362483451272697	1.6250810085362395	1.6362875134751957	2.80346877496661
0.0	0.0	2.2522956341225034e-15	-2.5192397734435676	-0.6839378946617859	1.9502056847453855	1.9384074090786396
0.0	0.0	1.6677107486467086e-16	-2.7628277874036953	-1.1579028745433562	-0.4412366464304984	2.594325440788221
0.0	0.0	1.446403171053498e-17	-1.7439501463175482	-0.13443892682658673	2.5553700889260083	1.9884150594616896
0.0	0.0	-1.0842664131295485e-15	-3.0773386239767486	-0.6497877704520637	1.3084283619178148	2.005597275770272
0.0	0.0	3.6558302406815634e-16	-1.2253114530643066	0.33073349623179615	2.351231514519634	2.726774174738623
0.0	0.0	-6.951806550509536e-17	-2.6261706846181982	-2.219694619444337	1.3430059695600236	3.206505925420274
0.0	0.0	2.248420955388103e-16	2.420534488108624	-1.4020971002006315	-1.2769298059290417	2.9413992310114416
0.0	0.0	-5.337084638275109e-16	-2.0354630183347897	-0.5451663865303271	-1.646837076172579	0.6695046765512541
0.0	0.0	4.9228907824908055e-17	-2.9817786230746575	-0.044381225616790476	-1.183377091954104	1.7989490710756653
0.0	0.0	7.163240134688597e-16	-2.7569629722032905	0.996244476618771	2.1746644674769002	1.6790508409196314
0.0	0.0	-2.7746644026740176e-16	-2.9754582732814745	-2.288688714623162	-0.24956788026021126	3.559294096756973
0.0	0.0	9.617826600852425e-15	-2.493034888562637	1.7259777840554806	2.1189431342433265	2.4024847758927614
0.0	0.0	9.620404189184363e-16	3.0946684415325625	-0.8179144032500469	-1.5812001334403174	1.8034553082002138
0.0	0.0	-1.0977359330063963e-15	-2.5883403312789066	0.7996050115547911	1.6476280053144468	2.1978319997579003
0.0	0.0	-4.5697220410412085e-16	-3.07475435124499	-0.8979354572055745	-0.5310292406770225	2.6975591788579916
0.0	0.0	-1.6032833455153645e-15	-2.414574615156489	0.30775582844778643	2.2834546652511882	1.6147548665834355
0.0	0.0	-6.841432095765122e-15	-2.4701769563191216	-1.2709826321145374	3.134744057589111	1.4406385051995765
0.0	0.0	-7.790606090832277e-16	-2.7446366046567094	-1.245593882738739	1.6609682675150161	2.253178290912744
0.0	0.0	-5.853188892784477e-16	-2.162610256826227	0.38703428123006184	1.989795746485436	2.165644471430882
0.0	0.0	1.4583396256377662e-16	-1.845972425720655	-0.025015454107163694	2.504240198286136	1.9331345444216816
0.0	0.0	1.4153954154418735e-15	-2.4711321660097423	-0.5800344094798837	2.1423448390997972	1.7675875452668022
0.0	0.0	2.0011308280855826e-16	-2.4511470228015697	-0.28927717250003604	2.262611145239044	1.595864288589589
0.0	0.0	1.8104586424253153e-16	3.025150263612895	-2.425687302779998	0.31891254731745505	3.634237398405346
0.0	0.0	1.6146432357584786e-17	-2.1703903847815127	1.76351619417661	-1.6222966949035076	1.846725767407614
0.0	0.0	3.2170576927445344e-16	-2.237187947967046	2.1621682910979083	1.639105989720266	3.2354439855397965
0.0	0.0	1.3779720847062826e-16	-2.6743281383173603	-1.6405973408722059	1.4241700293204589	2.73210862385743
0.0	0.0	4.150875268272887e-15	-2.599871191927539	0.049361690136170984	2.2224068023509784	1.461741000773024
0.0	0.0	2.3449168345143625e-16	-2.37929634779566	1.7241880366443298	1.9497547584333703	2.6060439100353037
0.0	0.0	-1.2372710586669585e-15	-2.228493235840082	0.3179738912528722	2.2475877409040512	1.834866059579571
0.0	0.0	2.1823354818417144e-15	-2.354925414058718	0.32784320781826076	2.424446622301145	1.539134666754693
0.0	0.0	3.8488065563979197e-16	-2.7150461757717594	-0.875919723267388	1.592734803485245	2.160892783176455
0.0	0.0	5.671892493442795e-16	-2.5864041502102877	-0.0022602121222514183	1.552824433793458	2.1439579145612266
0.0	0.0	-7.291809671623121e-17	-2.1488886195263825	0.31530543837182895	1.6043243424193092	2.5495445842571853
0.0	0.0	8.238766783945131e-16	-2.041755953366768	0.9930655844836784	2.593275674554221	1.92421147630388
0.0	0.0	2.8541170544617896e-16	-2.3887959475336107	-2.052352866804946	1.2865419756321081	3.3185870891375524
0.0	0.0	-4.1459311181730363e-16	-2.459486913688402	0.9142076162245918	0.6517970539517569	3.24281721545599
0.0	0.0	2.613316650132753e-16	-2.7842698979186626	0.7127124704373647	0.817520250946769	2.7744979835183736
0.0	0.0	-9.872757389672753e-16	-2.5428043451045808	1.1393307763481872	1.4297465251235397	2.5762581623665324
0.0	0.0	4.355305698035955e-16	-2.333887907762924	-2.396585775329101	1.0496887670528015	3.7618284914903826
0.0	0.0	1.8646912376840902e-16	-1.3594953479964538	-0.9658532592959076	-1.4129020036815971	0.9673286873467568
0.0	0.0	-6.579987290210233e-16	-2.5288778909302843	1.5617693799967063	1.9047980950270216	2.420704097072461
0.0	0.0	-1.4700826738176352e-16	-2.3904893812303896	-1.5371637222306713	2.5292750985753205	2.0546991656831213
0.0	0.0	1.8967038330849722e-15	-2.440013463334602	0.8354397485459765	2.1213212708211913	1.9138257416162339
0.0	0.0	-3.2177151394007484e-15	-2.3067609279020416	-0.11813184502704306	2.3811761779627667	1.5996161904055382
0.0	0.0	-1.0455688448530409e-15	-2.519665525144161	0.2739154618883446	1.1963563884121218	2.581735379511429
0.0	0.0	-4.2470840222580067e-16	-2.9737958420811017	-0.6255909035245046	2.2997346955775995	1.1877570173183056
0.0	0.0	3.748455549455944e-16	3.072698391161239	-1.6740063905257438	1.3060647045318894	2.433781415463319
0.0	0.0	-3.5827270759985323e-16	-1.7242409987475646	-1.6775506799023712	2.118839026940535	2.9611298634817675
0.0	0.0	1.3686301215720574e-16	-2.4936426948935564	-1.479147112513425	0.8140857824383112	3.322833057308814
0.0	0.0	-3.452911041691219e-18	-0.9497544984230535	-2.091336103719929	0.30529034880511063	2.4390211699114914
0.0	0.0	-6.304111623981769e-16	-2.2011104200889147	-2.78616394894004	-0.6680809221395609	3.180076884598233
0.0	0.0	-8.7044756541496945e-16	-1.9649469641519595	-1.077868400846165	1.1754985921571028	3.3202708596866017
0.0	0.0	1.130566829914033e-15	-3.1404359575288288	-2.218247558556651	2.0742779946313092	2.462164346167746
0.0	0.0	-1.4322373166504907e-14	-2.3841814977443954	-0.8968569979397171	2.060903489071616	2.0452298801049458
0.0	0.0	3.766290441743828e-16	-2.084227999801092	0.15538994337280534	2.244714666303278	1.9604107566267948
0.0	0.0	1.2284069740949987e-16	-2.1206610102423262	-2.0863551875919217	0.22388095866616062	3.1384319353404826
0.0	0.0	9.426057638961208e-16	-2.7321648912639787	0.6017296852978209	0.5470621498215588	3.0636324646738187
0.0	0.0	6.554991895779911e-16	-2.758283976961379	-0.7618951879646666	-1.7299857728190382	1.2797974347864893
0.0	0.0	4.4432576426809533e-17	-0.9234338800942918	0.5725915249081062	-1.1976685118029984	0.634874544792119
0.0	0.0	5.444383841999261e-16	-2.7015579252344377	-1.4387618192856995	0.5987702362097693	3.311717428238543
0.0	0.0	4.946062864522006e-16	-2.667538029477413	0.15447286374879693	1.6025582427869776	2.0190070153742776
0.0	0.0	9.443644273266827e-16	-2.480134083611637	0.08313327458504971	1.578551417149069	2.226052679093841
0.0	0.0	-3.325883372005026e-14	-2.4801951302666096	-0.7028882436265003	2.9659301477210573	1.0930331081440654
0.0	0.0	-1.0820085876510158e-15	-1.8321582907871248	0.4877654952979333	-2.947631241577847	1.217454345077876
0.0	0.0	-3.9831037782142245e-16	-2.8488590927704722	1.6831917414689557	1.193751801169198	2.8023754459056143
0.0	0.0	-2.6771121711668296e-16	-2.899548556639835	1.534077313651955	1.6835240570934535	2.2899293383593355
0.0	0.0	4.489694247183374e-16	-3.0095959252537394	1.2150297674379735	1.466249426762249	2.17779132363299
0.0	0.0	-6.13175358708012e-16	3.105301947561426	-1.5618585833425906	1.350487771824928	2.3492073185921005
0.0	0.0	5.136607074122805e-15	-3.116385287161393	-0.952685212683095	2.1999589633306083	1.357346950253254
0.0	0.0	7.10955739731017e-16	-2.8278733821309237	1.4478719047315811	0.163874626483003	3.323686086193528
0.0	0.0	-6.834778669947873e-15	-3.0776253466042616	2.1616160006871143	-0.29358349421151875	3.5246947059711426
0.0	0.0	-1.3671428943266938e-15	-2.98166204922959	0.6495147064706398	2.483875798199733	1.0442302056336534
0.0	0.0	-2.4500664642082105e-16	-1.6876316674467216	2.6517942534941707	1.3312572867467405	4.018171634041533
0.0	0.0	1.807661560153812e-16	-3.0990082833222625	1.300576615651747	-0.19039474872182538	3.1861469248672445
0.0	0.0	-3.1766569051748396e-16	-2.194595719847399	1.4790411577137972	1.7611465398102537	2.7576355607058662
0.0	0.0	-1.0343122870238105e-16	-1.2725945795892741	0.5332811617701235	0.4423794840746512	1.7959746202379505
0.0	0.0	1.0150229092515003e-15	-2.5698726784083776	-1.599620652022227	-2.5090016700383617	1.6007784075367835
0.0	0.0	3.1353550005912866e-17	-1.5876764517369395	0.4591188617822841	2.0305523426722445	2.7042158464519144
0.0	0.0	-1.5914711018558903e-15	-2.7526705081792846	0.6570921086361257	1.6041549789119909	2.0353457189584625
0.0	0.0	-2.866971394127198e-17	-2.4119930878822986	-1.7874233718039798	0.30423952298294665	3.2515845224134856
0.0	0.0	2.1142616444154038e-16	2.9554145986766702	-1.643573609092203	-2.5718817574086845	1.8090611694718088
0.0	0.0	7.035051731613127e-17	-2.680321945837927	0.4622377422986409	1.6909321683755312	1.9670141374789933
0.0	0.0	1.6747446198656949e-15	-2.452780803124264	-0.43407593663559646	2.1744683726012046	1.7118838717101401
0.0	0.0	-2.778800247282456e-16	-2.7281953044525107	2.1081094259819135	1.5749990142191221	2.892142746561189
0.0	0.0	-5.521495148234769e-16	3.088842184479298	-0.5552058354569778	-1.4085754042230167	1.8700855231996742
0.0	0.0	1.4397817782473236e-15	-2.188272773838765	0.37251401090459224	2.9138563809439497	1.2384104018598716
0.0	0.0	2.6910178787315645e-16	-3.125012239738662	0.7087906177877717	1.1044155562468454	2.1726260733614664
0.0	0.0	-1.0835017929306936e-15	-2.583441223124622	-1.8165927514943034	2.69373681086968	2.076549989401491
0.0	0.0	4.494342318309023e-16	-2.1750916946055607	0.6660174650253058	2.8476075255041913	1.4256242279841331
0.0	0.0	-1.0292536144798553e-15	3.134863235202197	0.19536566177610246	2.561136574820917	0.6060775714654615
0.0	0.0	-1.0337322162098981e-14	-3.0862255309679316	-1.0546803528243358	-1.430431465822645	1.9631618967380142
0.0	0.0	-5.249925623772746e-16	-1.9222916432019357	2.881772399401122	0.6203533861678332	3.843131003144298
0.0	0.0	-4.3251124538450455e-15	-2.4708264349371043	-0.19016909445197533	2.232919431233316	1.5908467029541309
0.0	0.0	1.614289374962079e-15	2.012197449221664	-1.9795775981630752	0.9163354683492883	2.262662358433229
0.0	0.0	2.917217467643107e-16	-2.851264028131751	1.0538097959277337	1.7682100692134264	1.9693780936432503
0.0	0.0	1.1758017034026036e-16	-2.3714400677162386	0.48422405616257175	-2.2395348712322978	0.5018684264087555
0.0	0.0	-3.457739980778466e-16	-1.0625594684181205	1.6575639443632568	2.219605505232677	3.4283583931535397
0.0	0.0	6.060422446312835e-17	-3.012967305820667	-1.3927411910656506	1.135425461404681	2.5489345252350506
0.0	0.0	4.78764434343702e-16	-1.8120825350496599	1.0253746400526293	-1.281817502353526	1.1543717587342865
0.0	0.0	-6.633473781301751e-17	-1.210185545323113	1.9034241118910236	2.326524401323328	3.341579006359688
0.0	0.0	-1.1984101025409609e-15	-2.1168106620158547	-1.7922386429748542	1.7284876829473366	3.025791168259473
0.0	0.0	-4.826383444747207e-16	2.6882596216499115	-2.192419596281232	1.0850864759022851	2.716038994823951
0.0	0.0	-9.309813258526623e-16	-2.5131001301380733	0.7839462664062454	2.074308480860869	1.8682158204879955
0.0	0.0	-1.4127240492032563e-17	-2.038190289456862	-1.6683543487225843	-2.647034641308542	1.7759779496613268
0.0	0.0	-2.379170677338686e-15	-2.2000667753163246	0.24948280528622394	1.8355812075502174	2.261341569580704
0.0	0.0	3.012718088869109e-15	-2.6022394261835324	-0.7266410215623661	2.099386812777934	1.740498853915213
0.0	0.0	2.183736340780096e-15	-2.1405345715790247	-0.3857868760983563	2.305153903160323	1.8775585538133397
0.0	0.0	-3.42049975559683e-15	-2.7460808211421965	0.47994565625195795	2.04809585248393	1.5644470408907638
0.0	0.0	2.179308559063475e-15	-2.4602350988618955	0.6543357640447607	2.863247105041704	1.1615443764857183
0.0	0.0	3.5287761840420027e-16	-2.9269129445290414	-1.467149278852913	1.0376182848573836	2.743844700216373
0.0	0.0	6.42493938412749e-16	-2.676425293297013	1.0970611237293038	2.322423808552722	1.6891011211645333
0.0	0.0	2.5412998519553224e-16	-3.00573535721976	-2.6140522212367	0.15399109879624703	4.072992046427863
0.0	0.0	-1.8565685801048005e-14	-2.8320223288164907	-0.9625516592722163	2.08064051020288	1.6747649185780167
0.0	0.0	-9.015053405471156e-16	-2.33113118441616	2.0511831858706615	1.8522530221776543	2.935390455121727
0.0	0.0	-2.287304889157857e-16	-1.8365940325395806	-2.070328872534902	0.842080049088186	3.3854920581853385
0.0	0.0	2.323058249750393e-16	-2.2673009985963573	-3.9172271419026345	-1.1037396276572125	4.086385144011816
0.0	0.0	6.946527241008679e-16	-2.5456511337669583	0.46636060147929176	1.390797660312913	2.3926271068696714
0.0	0.0	-2.411698146798295e-16	-2.4414186621062295	-0.4164991724714876	1.7798115505074033	2.1035993850246117
0.0	0.0	-9.300494858643694e-17	-1.2444702877489684	2.8020733381767333	1.3511993709510077	3.8195701289041093
0.0	0.0	-8.292358811832227e-16	-2.5020964261033467	-0.9426495760086674	1.8299497771765978	2.166917632471437
0.0	0.0	-5.067081568696843e-17	-2.7222074371068783	1.5877506090304598	1.3082611875880206	2.756026931657492
0.0	0.0	1.297026608731325e-15	-3.000502464418251	-1.2429857256068302	1.9495233194098143	1.8227253849017395
0.0	0.0	9.321222996426185e-17	-2.144755622564025	-0.09421914530472177	1.690920051613688	2.4493224881544116
0.0	0.0	-2.1016987413211263e-15	-1.8386689382539751	1.0701381109051962	-2.3888244649377093	1.2032733188899367
0.0	0.0	-5.095043294659859e-16	-2.368193659847311	1.6778705092714123	0.5389786461632562	3.35662036321022
0.0	0.0	4.856373189649301e-17	-1.5215551967654672	-0.6049811736903893	0.854035314228416	2.4514143869293052
0.0	0.0	7.633749721521457e-16	-2.9674412918581896	-0.12074892411877325	-1.333921539566945	1.6379765211386548
0.0	0.0	2.3238264614495564e-16	-2.5020440235028647	-1.0596666919321092	1.7913657533886431	2.254351383197292
0.0	0.0	-2.727801176633027e-15	-3.1389011172582357	0.7436952705566724	1.5992719390949868	1.7146852511909916
0.0	0.0	1.1813474149951334e-16	-2.2680854314405803	-1.247553251006423	2.041256006831898	2.335047908056466
0.0	0.0	6.699299553302963e-16	-2.6013874601913876	-0.7778367782505785	2.128802789818646	1.7369006019897348
0.0	0.0	4.932900972526256e-16	2.9852335992244803	-1.0816351149034267	1.483776047789401	1.8504889355393546
0.0	0.0	-1.7722987762127838e-15	-2.361147463352512	1.3961228275689472	1.543784696265319	2.757761226710267
0.0	0.0	-3.460253654783959e-16	-3.0000817927426855	-2.399620621779726	1.1546827640605375	3.207546417295188
0.0	0.0	-3.3605139584009767e-16	-2.2909403140250073	-1.298505656995273	1.6327645857796755	2.6931885812238927
0.0	0.0	-1.1376837543831361e-15	-2.4307341168050445	-0.9889231180896371	1.8686826315582286	2.216597985300962
0.0	0.0	-6.111351083765197e-16	-3.0471532493460187	1.6310625803249807	2.4419988692105172	1.8140710696031939
0.0	0.0	-2.215264338903884e-16	-2.430097410806818	-1.6523731632502476	1.7450694655573602	2.6784470827864197
0.0	0.0	-1.704555011191801e-15	-3.0985995915369244	-0.7352202222389869	2.6988278784144155	0.8811977369568116
0.0	0.0	-2.5889003625848284e-15	-3.045005880365238	-0.26882066255588	-2.5731413883371874	0.5430659697070614
0.0	0.0	3.793239298007836e-17	-2.165294359094162	-2.3173879371634714	2.0594470079869933	3.0995932484503066
0.0	0.0	7.660595911361636e-15	-2.2002967397256583	0.3483931591810932	2.131688253844783	1.9820596502609609
0.0	0.0	4.485928683770429e-16	-2.560348205640202	1.8375359506534574	1.5833397159002671	2.8202814457249694
0.0	0.0	7.456079229655823e-16	-2.145571943318595	1.8061677958438869	1.288270755863237	3.3735730916188857
0.0	0.0	-1.4338856004205695e-17	-2.7615935813952133	-1.3971273985086199	1.5740648893521143	2.3968366123470544
0.0	0.0	1.790211278772218e-16	-1.9140948981638815	1.1345100615876962	1.2807045512668553	3.290173291209266
0.0	0.0	1.5213141708772923e-15	-2.1744117747594434	-0.5640079322244227	2.213269449708718	1.977635121853308
0.0	0.0	6.583195431933246e-16	-2.2893565636442483	-2.636215344246323	1.2316050470184183	3.8183125973182652
0.0	0.0	5.144309093587198e-16	-1.9741703577251482	-1.46955149422714	1.180933223351253	3.4560782513371864
0.0	0.0	-9.645899231208771e-17	3.0160152946716745	0.5414216297137235	-0.28717432830797307	3.028780556424008
0.0	0.0	5.623463877371576e-16	-2.7794951258060676	-0.21786657238629709	1.9994526609203946	1.5199330121101773
0.0	0.0	2.952279776318722e-17	-2.787985285276532	2.994292099414014	1.7041011998225972	3.489100194472951
0.0	0.0	-1.0809370659523693e-16	-2.5904893561074522	-0.11777107186745195	1.7293163217344572	1.9669086390239283
0.0	0.0	2.540136262443096e-16	-2.8106930246250657	2.4513915755022353	0.3187439798670279	3.9752605727835975
0.0	0.0	4.99189668634539e-16	-2.8088083171090545	-1.9149457448509708	0.10329433398382236	3.4853061639151592
0.0	0.0	2.4726834809978635e-16	-2.7471593763615925	2.4184273791618307	0.23919123350457078	3.842795981226113
0.0	0.0	1.0878424137425359e-15	-2.578979801903264	-0.5096128819737457	2.0890127902316475	1.693680252056738
0.0	0.0	-1.3742738133804357e-15	-2.4823663981622452	0.5787588709976736	2.041465867147172	1.8521028472242893
0.0	0.0	2.2183625718729226e-15	-1.147484805766072	-0.10488851274126845	2.7865588689858907	2.3514820878139377
0.0	0.0	-7.754712741213822e-17	-2.5550945208614104	2.348262056330458	1.3247486456018125	3.360117279284231
0.0	0.0	5.400925118127748e-16	-3.074895280029711	-1.0097820440159748	2.413053360447359	1.285325302203769
0.0	0.0	1.1829783450299385e-15	-3.0246885555545235	-1.0849642027453483	1.379778850130031	2.169499544742231
0.0	0.0	-2.8831227900087397e-16	-2.5367735280322132	0.557823673107973	1.7038878325011098	2.1173264563838745
0.0	0.0	-4.2305709851292816e-16	-2.4280816875227793	-1.3590232474237591	1.9890487290287235	2.308485443288566
0.0	0.0	4.2789076830362586e-16	-2.477455547510792	1.0570345952381686	1.8299904034453347	2.240729376622846
0.0	0.0	1.2795729729714428e-16	3.040690088938856	1.829747574111773	-0.2738413479390607	3.48724561604499
0.0	0.0	2.9520035364851533e-15	-2.7381264966169843	0.46065787063542035	-1.2116797176591838	1.5944420474789924
0.0	0.0	-1.3132765103357492e-15	2.300542961299153	-0.9099167788361576	-1.6982046615297666	2.4589843590574145
0.0	0.0	-6.343214894671946e-16	3.1206478562169115	0.3236688712367042	2.0864486466791745	1.0836648666521043
0.0	0.0	-4.59288271952715e-16	-2.3580866885373406	-1.2250807955935985	2.088677407827201	2.2075474670465502
0.0	0.0	1.3066028817880462e-15	-2.4355607734154368	1.3113178923542648	2.4633756840979784	1.906751030578074
0.0	0.0	1.252490555809317e-16	-1.9336860969801535	0.8769152652639607	2.2107221239429973	2.311568257081874
0.0	0.0	-4.486411713987595e-16	-2.69666940560926	-0.2954991065877299	-1.5620393449701755	1.172478185937802
0.0	0.0	-6.6842061593820925e-18	-2.0417638883754403	-1.6822211180196098	2.2012443774324226	2.6442749951643503
0.0	0.0	-3.0003804221346047e-16	-2.6828512748882005	0.2408866229041771	0.5595718815584113	3.050288645755415
0.0	0.0	2.8117572117857135e-17	3.1224310378494	3.2139836416787224	0.24425825009726515	4.314344613627349
0.0	0.0	2.09074580449131e-15	-2.488481811162784	-1.3257079896469834	2.2001872112186622	2.07364024273747
0.0	0.0	1.3443615478170528e-15	2.9206992033421293	-0.28071664096477866	-1.7906946598852223	1.596662198398897
0.0	0.0	-2.7091528164504215e-18	-2.9044345558115863	-2.521398851897959	0.003598238549030879	3.8489098331123794
0.0	0.0	-2.891477876159237e-15	-2.965346771121381	0.2431508856980423	-2.2675670255108793	0.7389309349323522
0.0	0.0	4.552936791570804e-16	-3.0316705400337502	0.6613514481910555	0.890010538295246	2.452363749712433
0.0	0.0	6.827901372472701e-16	-3.1289124214413544	-0.40255762526353184	-1.9966929450601425	1.2016545195499246
0.0	0.0	-1.1163541260882781e-16	3.0498938625908663	-0.024458232666149767	-2.816421918257221	0.41758640678187814
0.0	0.0	1.2383114702530606e-15	-2.4745874169956865	-0.5364303857256217	1.719667961343195	2.1567071674977503
0.0	0.0	-4.831876771566034e-15	-1.6549277642015072	1.6605238701042535	2.404712924231907	2.775155886565849
0.0	0.0	-6.535746891087205e-16	-2.2437946701291533	0.8944194611552772	1.814013260565287	2.3983933456097666
0.0	0.0	2.3253274053519096e-15	-3.1003157114056945	0.8821091896168801	2.080750996773913	1.4116593174942111
0.0	0.0	1.380206985089204e-15	-2.3494914154344126	0.37265899430689703	2.157843719402521	1.814529845620417
0.0	0.0	1.0131158928067775e-15	-2.2413088006047026	-0.3661595476432323	2.218659460818316	1.8596217922651919
0.0	0.0	7.019242696252859e-16	3.0655355413408616	-0.5434762101288463	-0.785741209065673	2.4918959888972094
0.0	0.0	8.127933773160317e-16	-2.821711394349181	-2.473988904390233	2.1065947278140955	2.8206947202837194
0.0	0.0	-3.1397035141950703e-15	-2.1171605117111545	-0.06432810923442703	2.392488775159107	1.774702262626696
0.0	0.0	3.934896151344421e-15	-2.4041605920154336	-0.9011917441036486	2.887741943738387	1.339697015211324
0.0	0.0	1.1557135515058583e-17	-2.5135249841288627	0.7693802786934445	1.0089512178463327	2.8659136024662066
0.0	0.0	-4.268636680796276e-16	-1.179076007785758	0.9044482657810361	1.8619275407492113	3.1726533450215766
0.0	0.0	7.763099849876594e-16	-2.2466282159791007	1.6409783724261267	1.9690952044589258	2.639547058095246
0.0	0.0	2.986153468514932e-16	-2.3263488171757283	2.7520093156034844	1.3326530162167656	3.8026167539295423
0.0	0.0	8.819625155160712e-16	-2.182776981556522	-1.4988853642102062	1.9325811826840384	2.6355515279930963
0.0	0.0	-3.2699754637754405e-15	-2.8995883775388807	-0.6031347889055836	1.03417412983848	2.425604886583697
0.0	0.0	1.1815796629026204e-15	2.6658168667594593	0.2583241227170886	1.9759423011855497	0.7366534250265475
0.0	0.0	5.470020086779029e-16	-2.693050226050767	-1.375832924903391	1.5543202740005468	2.457123962312635
0.0	0.0	-5.57984216908509e-15	-2.2490163236259537	0.5333715391847553	2.6141299720872118	1.516903422403302
0.0	0.0	1.5420876754837526e-15	-2.401144742943457	0.36595522875237924	2.778734579069002	1.1624144382950559
0.0	0.0	6.560547165058389e-17	-2.854263697901965	0.387019479444022	2.0181358143329753	1.4629082803397888
0.0	0.0	-3.598012181089296e-15	-2.567187627805182	0.23792643115930434	2.044810961500304	1.6880385163387155
0.0	0.0	1.0129393791938746e-15	-2.5385950524040806	0.9724894267171011	2.133450408858018	1.8818892869081274
0.0	0.0	-3.8429725847803306e-16	-3.021085458972723	0.6628978297435831	1.6644886381247088	1.7296806385165202
0.0	0.0	4.0959621753129483e-16	3.0534295744700675	1.4346290199987284	0.8223652351714987	2.6525098512752536
0.0	0.0	1.7988014995494973e-16	-2.7616683485788243	-1.954664418517496	0.9780768052475993	3.2077719374524585
0.0	0.0	4.1731466406646597e-16	2.9127770531953603	-1.7599525893911967	0.022334787131800395	3.384093617255797
0.0	0.0	1.629432605684338e-15	-2.3783614507017217	0.09048537073139215	2.1537380192000146	1.7534221430766372
0.0	0.0	-1.2270646744170117e-15	-1.4953702284504669	-0.3839327321113737	2.7560928404453118	2.0676797615500004
0.0	0.0	-5.83843683780397e-16	-2.8558515110528058	-0.9530643044881796	0.8457853844590969	2.751858239494447
0.0	0.0	4.1758440846934855e-16	3.0918695028239265	-0.6141469066664342	-0.10907517376584863	3.14283052801557
0.0	0.0	3.6640344959986684e-16	-1.4369885844569659	2.157987770207391	2.4819759607130227	3.201007814405005
0.0	0.0	-5.127205212847347e-16	-2.7475846241410107	0.6117529588512791	1.657497868836698	1.9752245096130991
0.0	0.0	1.470533492302699e-15	-2.5506131462688653	-0.18194100574478608	2.1421896430235994	1.6007557848630145
0.0	0.0	-5.459003457214194e-16	-2.1816546210344567	-1.8375283151758253	1.7035226226196976	3.0210847359526176
0.0	0.0	-4.2755648021588917e-16	-2.7188247448421823	-0.8461124275924652	2.242589777668351	1.5693897690921323
0.0	0.0	8.003004187288571e-16	-2.623670956006455	-1.4622921885168672	1.9205838613043047	2.272042625742943
0.0	0.0	-3.2488655077400564e-16	-2.5769586554939137	0.5198727118849439	-2.486168190056215	0.5277409830371337
0.0	0.0	-2.2991063815888705e-16	-2.370659730353091	-1.4500697820954866	2.1640525000326467	2.271532626492386
0.0	0.0	5.93373087341499e-17	3.128657728794512	1.3517825069213136	1.6113763802507166	2.0321069451821057
0.0	0.0	-1.5570336180490114e-15	-2.229277208559915	0.5125155912774014	2.30439612596046	1.8230371290185927
0.0	0.0	-2.34845042488399e-16	-2.0196353596649566	2.4450561035994136	0.8993713029996304	3.807742014163906
0.0	0.0	1.3752392140469868e-16	2.958546089410386	-2.253568508479323	-0.6656095068426229	3.485543003034104
0.0	0.0	6.637618828692808e-16	-2.854475446311119	1.3022811697936518	0.20654633866732813	3.32652831241698
0.0	0.0	-4.269728001483375e-16	-2.7579081207937293	3.230742333560316	0.15870210457552286	4.352506316203026
0.0	0.0	-1.4112870828497415e-15	-2.712976910068348	-0.31995752426368046	1.4679320352577832	2.12648506200743
0.0	0.0	8.055909444309347e-17	-2.666935847231316	1.9645975481215576	1.974720776242496	2.5601288923634384
0.0	0.0	-1.168306844824043e-16	-1.349000222469444	2.3077227334660955	1.3840161408664537	3.5770047046122264
0.0	0.0	-8.237232098961405e-17	-2.6830717412418386	1.2168247626161077	1.9466996838858461	2.052910121821627
0.0	0.0	-2.5856591735741706e-17	-1.6184598231961145	-3.575132097491793	0.6080703487154031	4.211769951095192
0.0	0.0	-1.8501785869214925e-17	-1.2650063400773925	2.6047818439246795	-1.8833350169614498	2.677166189667134
0.0	0.0	-9.288741157131418e-16	-2.61704926973032	-1.3713319708656564	1.883184877328126	2.249325724232843
0.0	0.0	-4.3145071865226404e-17	-2.9610987644124585	1.9666488992238143	1.2007192775177544	2.892733476642784
0.0	0.0	-3.8040516493234057e-16	-1.3749270108734795	0.8602841735962834	2.8757351385793095	2.207088409202484
0.0	0.0	-4.567387073881566e-16	-2.550147434357113	0.9082673507231157	-2.8881382625039893	0.9691168042609721
0.0	0.0	2.9507002553374826e-14	-2.814761810175875	-0.07553269422456763	0.745017367142658	2.724453364633278
0.0	0.0	1.174264271705954e-15	-2.699487743127018	-0.19981361559255553	-2.3456066167302714	0.4063955371260864
0.0	0.0	6.396953082470903e-16	3.1074830981123505	-1.328752596438816	-2.173156871819037	1.6645361563453651
0.0	0.0	-1.755521227419617e-15	-3.1340205137626334	1.984103604335233	-0.9256626564412862	2.968755890727461
0.0	0.0	-5.257885996756655e-16	-2.3205395312015265	-1.1732607347403003	1.9794135847117214	2.3042896250598432
0.0	0.0	-4.3815797920498595e-16	2.674670629519261	1.2449697496391576	0.02801825154097844	2.924845036471964
0.0	0.0	1.2651315332594534e-17	-1.988060737784437	-2.7591337361075974	-0.9496399120582133	2.9480734022457784
0.0	0.0	-5.719025664114505e-17	-2.1658975004374055	2.181385783868282	0.3226830253319269	3.309301583612622
0.0	0.0	-9.809982791241684e-17	-2.4275887617512564	1.810351437759424	2.6646923479846687	2.1669391167466023
0.0	0.0	9.566590355979102e-16	-2.605813319245683	2.5022642877527335	1.5914266404184225	3.257682390685772
0.0	0.0	1.1084574231823361e-16	-1.9564887834654199	2.6726844215932717	-0.31997798024026647	3.1339128300736125
0.0	0.0	-2.4988882342670017e-16	-2.4538179219534606	-1.757377318463398	-2.498336237233771	1.757941102496042
0.0	0.0	5.94310416456699e-16	-1.9724051242100513	0.1802312145805291	2.767290547790533	1.5539766872814342
0.0	0.0	4.911236986946229e-16	1.6369545757155324	1.245820275168739	-0.5076489258084633	2.4802000598279355
0.0	0.0	1.0540098575028387e-15	-2.3775149421193973	0.17709158292593932	2.5330253173384953	1.384021624028362
0.0	0.0	-3.8189691464946573e-16	-1.9025411371702328	-1.3761102594953982	2.270188003474714	2.5194651569633937
0.0	0.0	-5.219350000667764e-16	-2.60557172500173	0.223499086582996	-2.2100057676121105	0.4543393757413065
0.0	0.0	4.610645909513473e-16	3.0338271137323076	-1.715632077886878	0.42860565900318337	3.119386518989813
0.0	0.0	7.710879336785372e-15	-2.9946278200617824	-0.3397539012357329	1.5386703115144909	1.782564961157333
0.0	0.0	-3.2787845696231023e-15	-2.9667424976775516	-1.7918287614093866	0.8099633781002653	3.081085758341371
0.0	0.0	7.814598732835855e-16	2.803113563266937	-0.4963534777869753	-3.083820174212573	0.6351236740989907
0.0	0.0	7.907416292870687e-16	-2.2355627060749157	0.6028879323557972	2.7858329373426582	1.3984230456327944
0.0	0.0	-8.552394393409378e-16	-1.629018590939161	0.007685096513361557	-2.172216788369509	0.5432525585765786
0.0	0.0	-2.5907642627816146e-16	-3.114967502685625	0.7690682222406352	-1.6812452723447668	1.6269681509586893
0.0	0.0	1.7368559100639876e-16	-2.3469865724850236	1.0627857531834757	1.9350642858456235	2.2658447959954615
0.0	0.0	-5.383766572656341e-15	-3.077165023399782	-0.28523291790450866	0.9462112752962097	2.277738916618831
0.0	0.0	7.007773379047226e-16	-2.749095039171436	-0.8994911708710103	1.0527767196918343	2.6393183384224437
0.0	0.0	-4.884501826115393e-16	-2.684906933064906	-1.8362345204666415	0.9356213842765897	3.23442413107604
0.0	0.0	-3.280140963361429e-16	-2.9835606349575987	0.35115827432582597	1.0942171367907323	2.233189318209375
0.0	0.0	8.914802534724168e-16	-1.777498869911284	-2.7578950866335292	1.0482236697135228	3.948505182954815
0.0	0.0	5.996767242937997e-17	-2.5284398512309916	0.8972030015297973	1.7902103946215155	2.159715544495957
0.0	0.0	1.16414680127255e-16	-1.7226448210237653	-2.0622032787866207	0.7632257351568476	3.2298970239194933
0.0	0.0	-8.848852903678549e-17	-2.8649175410821166	0.3962508738353463	1.0838806134389178	2.3677791564063946
0.0	0.0	1.2013165728848728e-15	-2.1380711765006115	-0.15870988318969254	2.2201197282610488	1.9315258932674022
0.0	0.0	3.9399795115227327e-16	-2.9349189934879973	0.7942308431385224	2.4843244241933204	1.1735408900512865
0.0	0.0	1.0789900296474754e-15	-3.040067502966505	0.020970823855980595	-1.3273783130184853	1.7128175725447243
0.0	0.0	1.6670066511639357e-16	-2.9982024954472304	-1.3000135356916893	1.6452790406433775	2.092525662902375
0.0	0.0	1.2310354713776568e-15	2.5514370146561003	-0.4985083984216808	-2.086154795127775	1.719444265443925
0.0	0.0	-6.643386934591585e-16	-2.4967472975056966	0.6926102849184395	2.2798044659517975	1.6582079609757614
0.0	0.0	1.0098088803058462e-16	3.02762736207309	1.193243344145477	0.9446643308840017	2.4005342462976684
0.0	0.0	-2.043111653293184e-16	-2.2342346327854647	-1.3757008587159778	1.9555260662526095	2.5049909066989287
0.0	0.0	-6.464093033890602e-17	-1.791949122822409	2.4566049996254673	1.348261028220855	3.9869572253662318
0.0	0.0	-3.639562834493205e-16	-2.5576288207363125	-0.9846922692513337	1.6926763150625288	2.2588095661910828
0.0	0.0	4.294520445527949e-16	-2.834900998381601	0.1986292048369451	2.270613657937176	1.1943038654015485
0.0	0.0	8.277252631416052e-18	-3.113747556090794	1.0704298842427205	0.09196805432929608	3.258318565081209
0.0	0.0	-3.124689330940236e-16	-2.565234247071696	-0.533743713503155	1.9768594465411053	1.8210662696718998
0.0	0.0	7.891665989572225e-16	-2.736471632818437	-1.2707953741169777	2.337949034745388	1.7538622627967493
0.0	0.0	-1.394463694460024e-16	-2.8780901636362963	1.7846873969856278	1.3682185745580508	2.708131322931075
0.0	0.0	1.4301285035332679e-15	-2.591691681358855	1.1664277524755566	2.0171509271256314	2.0405825576091656
0.0	0.0	8.936358527607761e-16	2.9484582141354547	2.033458735288745	-0.7184997749409936	3.313547918487257
0.0	0.0	2.405976375970868e-16	-2.7555642544578554	-1.6516156810688538	0.5467673761330923	3.4078325955340794
0.0	0.0	2.0032016599322956e-16	-1.3738859439083733	-3.4877456072580455	-0.8524143745815236	3.5265141455216082
0.0	0.0	-2.1225995440694738e-15	-3.0477592809192475	1.663271508190167	1.9196124212319023	2.120810588698371
0.0	0.0	4.3338121097720656e-16	3.045583509093009	-1.4267887421941916	2.321150038427796	1.6001656065145666
0.0	0.0	1.6938673250912209e-15	-2.7774417197910743	2.5655577343930767	0.596441151135519	3.878933765107588
0.0	0.0	5.339154135072285e-15	-2.781554735173299	-0.5127900725488127	1.798330465296182	1.7788155924724962
0.0	0.0	-7.025927632844572e-17	2.8703824885082567	-2.5195073108118424	2.099033158129399	2.6349377371600706
0.0	0.0	-1.9654983638216195e-16	-2.309243537012933	-0.6054202283358664	1.503491525159325	2.5435522534312165
0.0	0.0	-6.931303162421864e-17	-2.9802757554357173	-3.7582573350436896	-1.1497523558098521	4.180348563575475
0.0	0.0	-8.231650779722729e-16	-2.6877676545289573	-1.9706389583311863	1.7601072396659183	2.6929133324529273
0.0	0.0	1.275778167754378e-15	-2.3746241394597996	0.08524569390236918	1.918416012436394	1.991970021718915
0.0	0.0	-6.500680025510702e-16	-2.2867733635318315	-1.2519092137049257	-2.732172767342294	1.328780383763246
0.0	0.0	1.7510829347013526e-16	-1.6202311687521629	-1.9916559309405595	1.8960476881147514	3.409173602507297
0.0	0.0	1.9198260599503738e-16	-2.816918008173472	1.3881293132050574	1.1284235410898231	2.7188998559357254
0.0	0.0	-5.089621360741057e-16	-2.6929909563858545	2.484673611309253	0.3581546144731288	3.934856064624087
0.0	0.0	-2.6893399397431603e-16	-1.966400067702657	0.9630770427405791	2.197625435219355	2.327736167660532
0.0	0.0	1.0454474790614475e-15	-2.567824178839548	-1.4410759658769163	1.3715207483626788	2.751415574979633
0.0	0.0	-1.3968831663020381e-15	-2.976185788274533	-0.4096825390979502	2.6761119561433424	0.7522359335269444
0.0	0.0	-1.965826880399388e-16	-2.078722984681942	1.5569616446369696	2.2151230872674694	2.5261829220578687
0.0	0.0	-1.242232125100274e-15	-2.2866425244285558	0.3850529009902838	2.1497114199465277	1.886544942268636
0.0	0.0	-1.1115262422032438e-15	-2.1532834833582033	-0.05012272763031046	2.58327909789918	1.547434697867451
0.0	0.0	-1.2108389651144103e-16	-2.354272405877026	-1.895837546014265	1.2361439206126488	3.2932058520905088
0.0	0.0	-2.2613149322659686e-15	-2.324734778176642	0.42167891738982655	2.1029129734663163	1.9028485828824908
0.0	0.0	1.171467040351068e-16	-2.0392026537492534	-0.765110834264758	2.5910424453805625	1.8214296363288185
0.0	0.0	-1.8601731682050465e-16	-3.1228129560345113	-0.26255492643671463	1.8542388246306045	1.3322611900379426
0.0	0.0	-1.327537675651134e-15	-2.874441928939159	0.07148649819129418	2.675003956327046	0.7372135773935783
0.0	0.0	-8.799217719846271e-16	-1.94251181353677	0.6715980007054084	1.4837420847992755	2.9348085030182536
0.0	0.0	4.156936527334762e-18	2.851470781082755	-2.6375177890960355	0.5374603618502615	3.5087240284916366
0.0	0.0	-3.4591948119620967e-15	-2.637321411311639	-0.43420085274487824	2.0005368285039444	1.7016555289261706
0.0	0.0	2.2886227159288857e-16	-1.9513162820557817	0.6661824189612299	2.9037621005828935	1.5758452980082576
0.0	0.0	-1.234416433122814e-15	-2.407196945166722	-0.9622982663296629	2.117035841943146	2.0049767882049614
0.0	0.0	-5.507675115305243e-16	-2.6276523148264572	-0.8074218383461125	-3.082261705335934	0.9266065632066356
0.0	0.0	1.947172387477574e-16	-3.0714030419262794	-0.3217847525185002	1.2607981918584688	1.9773427324552784
0.0	0.0	-1.5612462470967376e-14	-3.013984403598261	1.5375074256372194	0.5976036267756497	3.082427792069936
0.0	0.0	1.0508878000306184e-16	-1.9516560404254273	2.510701565376045	1.3548803407084604	3.8941059537858926
0.0	0.0	5.833766119975329e-17	-2.249739208336157	-1.9920068962723843	1.7353595040521899	3.0412651104361044
0.0	0.0	5.934722326428971e-16	-2.7664517630437735	-0.6599632165552308	0.9296047943543203	2.669978766797945
0.0	0.0	-1.5333077583905975e-16	-1.4925237991432496	0.24567298169749818	-2.257579950392203	0.8035335266807482
0.0	0.0	-2.2819633851265577e-16	-2.985433812777299	2.1544955305194446	0.7573878954125961	3.330960553068757
0.0	0.0	-6.930104771531543e-16	-1.474605610755635	0.231462161716427	2.115844654572724	2.702664747600037
0.0	0.0	1.40904842294085e-15	-2.36355280355385	0.9206025118466018	2.083176620166117	2.054283134505008
0.0	0.0	8.031474353273301e-16	-1.7492044407344158	-1.538498061558022	2.83899178963706	2.289096821000939
0.0	0.0	4.0856591078666964e-17	-3.030140067953125	-1.3292799564207547	-0.8184176069874329	2.5804459782917566
0.0	0.0	-3.6657301717207625e-15	-2.3569408129468425	0.6223311328968115	2.027778120798321	1.9978665145684482
0.0	0.0	-4.3014980048819385e-16	-2.4280933837324397	0.6075694806111523	2.3531179856154463	1.620205660925726
0.0	0.0	-1.0934125300438584e-15	-2.914447793328266	1.0726916418987322	1.9493856422807125	1.7791085110049882
0.0	0.0	-2.044911629746246e-17	-2.5212072642763044	1.8576581706618949	1.1883027916573765	3.174066504958989
0.0	0.0	-1.308202746589048e-16	-1.5846060105515187	0.8105475363513029	2.767575334139765	2.094221481083291
0.0	0.0	7.587143943650322e-15	-2.2680841620019496	-0.29108468833042594	1.8606970147524227	2.1739796349031533
0.0	0.0	-3.8313804884493843e-16	-2.9838211368820353	-0.38294691554999855	2.1547799116598694	1.2069471675472914
0.0	0.0	-1.739591442309911e-16	-3.03533651757849	-0.8180325687778081	2.4189467619529745	1.1645839836698708
0.0	0.0	6.259377048885067e-16	-3.073999293993412	-1.136489071805065	-1.4756772209140658	1.9611835354257385
0.0	0.0	-4.667257430282039e-16	1.7338743761373916	2.9650822700649537	0.9764040995328591	3.0603062082400987
0.0	0.0	-5.149491538188922e-16	-2.4070524414522008	-0.9649444804522079	2.0150533118966	2.0963623150691717
0.0	0.0	2.898267410924576e-16	2.727915981419722	1.237827290791653	-0.3347312071104911	3.303335314987054
0.0	0.0	-7.59005605112034e-16	-2.7177833681756143	-0.4993780345582062	2.103728242088979	1.5446256561550302
0.0	0.0	-1.5363348724361786e-15	-3.0512861710596733	0.5509202853681233	1.9157032620345733	1.4268443292067174
0.0	0.0	-1.6546710521923044e-16	-1.938108520729683	2.650622257918887	1.4883647717135615	3.8969990876716905
0.0	0.0	5.193321273117288e-16	-2.9550310499398242	-0.6879344809343636	1.5428416057202916	1.9132681761148687
0.0	0.0	5.274435155909417e-16	-2.6494509678657954	1.1279525673416337	1.1490134848871085	2.7287569914881473
0.0	0.0	1.138287939306508e-16	-1.1868992434770238	1.0165632446464665	2.4415304274826246	2.8427325442974194
0.0	0.0	1.7466600273942864e-15	-1.8532413086924215	0.11890278853943265	2.8314560712540726	1.602904091526502
0.0	0.0	-8.563213394116247e-16	-2.4380984617002244	2.046276238122423	1.3873042872133516	3.198115311620435
0.0	0.0	7.039205652047288e-16	-2.667806529858382	-1.5222263756046641	1.571588239477342	2.5483824087382603
0.0	0.0	-1.2597486111388772e-15	-3.127380727725303	1.4647476022119656	1.2004708241287234	2.443115967960028
0.0	0.0	-1.6326118911252464e-15	-2.6591777120596527	-1.5641625953276799	1.324347179176255	2.781194465203839
0.0	0.0	5.511484331792493e-16	-2.428528500267188	0.889341305711106	1.6566416594162403	2.371117573353647
0.0	0.0	9.449852250756759e-15	-2.2042019226697454	0.09311955854130409	2.721299131223741	1.3608739044466838
0.0	0.0	-7.435281980659055e-16	-2.9406303861835488	-1.9991932177929135	2.0230714992339784	2.39537262704033
0.0	0.0	-5.096047807297194e-16	-3.1258126743312693	0.590639088068615	1.4425357932504368	1.8137033712260038
0.0	0.0	2.8528746185215446e-15	-3.135914331828777	0.9788746481661909	0.006123567384790817	3.2901371727321815
0.0	0.0	2.4503080530679385e-13	-2.115096472233148	0.04145524035561475	2.072015652640698	2.096483084247101
0.0	0.0	2.240032674928685e-16	-1.8730372951316268	-2.5187845132306297	1.247070327311929	4.009906108591676
0.0	0.0	2.104902221980009e-17	-2.7846863342807566	-0.7208361879806467	0.5873405150273255	2.999074586724922
0.0	0.0	-6.677467482756203e-16	-2.5809051492553925	2.350847293272926	0.7404638158781905	3.7813805733223167
0.0	0.0	-7.210820106896805e-15	-2.9105916989198266	-0.04404289814871094	-1.2891980134357413	1.6219917571322617
0.0	0.0	1.6720796382835201e-15	-2.5923252840963076	-1.256404391163386	1.8018322229176902	2.268695224998961
0.0	0.0	7.756513455570144e-16	-2.804253980866213	0.126388243779726	2.938331787417239	0.5551773136759428
0.0	0.0	-6.737447947430838e-16	-2.897520044223049	-0.07969217655912451	-1.4551122831902932	1.44460755642917
0.0	0.0	1.9602932017324963e-15	-2.6324577327380476	-1.231943626130419	1.7038041950589957	2.3039522007085376
0.0	0.0	3.753108804498286e-16	2.8379537072533925	1.290901222485094	-0.0543977163076681	3.1673526364440705
0.0	0.0	2.4848366368850914e-15	-2.6877465898758017	-0.16662289568403688	0.5942836607705675	3.005776914995694
0.0	0.0	3.3908143610276643e-16	-2.6510966873399773	2.141429862648412	2.2466096422477424	2.5505438349480287
0.0	0.0	1.2820793271785353e-15	-2.2144565383138586	-0.8343169803740321	2.2426099796589645	2.0076839034156797
0.0	0.0	1.1258657168975973e-16	-2.294072514089572	0.4781525279039942	-2.709493121766924	0.6334067581136152
0.0	0.0	5.13053294845849e-16	-2.881146435797563	-2.0159808264348267	1.7932266744128635	2.5792354250183487
0.0	0.0	3.51111546983644e-16	2.9288260841049314	-1.1131448637716341	1.3028842317095084	1.9704766923544745
0.0	0.0	-1.3913421141923475e-15	-2.889485532399552	-0.3003684544180322	1.2684101247335275	2.1464103300637274
0.0	0.0	-2.594021439942985e-16	-1.9157457108564806	0.05367389890698481	2.6423726928115423	1.7259017089668955
0.0	0.0	-4.877343621722955e-16	-2.2022799217466655	-0.07457680153372442	2.483943290793491	1.5987024835916646
0.0	0.0	7.824295797679234e-16	-2.5131616822528473	-0.30538118354520555	0.9988774463517907	2.7879219519731917
0.0	0.0	-1.38996752286563e-17	-1.8881190222186737	-2.230686674344732	1.9291196215416089	3.3251851055133694
0.0	0.0	1.658879380774804e-16	-2.9382847424880385	-1.531540545149445	1.273196707924372	2.5763488334425233
0.0	0.0	1.0221526027962469e-16	-2.4506096204170245	0.7143051659474307	1.249963151203192	2.6795744772123022
0.0	0.0	1.2788337384997509e-15	-2.734398628076199	-1.4415221091312513	1.901652769253838	2.188843554960125
0.0	0.0	1.0094332877855277e-15	-2.867903011923695	1.0037138452956167	1.0535901666702838	2.566131561993915
0.0	0.0	-2.6197989275801184e-16	-2.555463686163433	-1.0304728384356254	1.6391945734861453	2.3289095085507268
0.0	0.0	4.828349893396813e-16	-2.4669132142375823	0.15475715125632772	2.4459223768310854	1.3790605934150428
0.0	0.0	-4.752907316353985e-16	-2.0753526433225744	-1.9200050705506306	2.1484654329278534	2.8155661709086077
0.0	0.0	-3.104909510528646e-16	-1.6686815608093113	-2.3147509348179893	0.9940386949609055	3.5281937376977703
0.0	0.0	1.284233199814635e-15	-2.9125647890350352	-0.32980865635133105	2.8450289560796618	0.6204999918759722
0.0	0.0	-3.187338974866187e-16	-2.2441698513838038	-1.752592084512123	0.01808778456451096	2.8617107865926994
0.0	0.0	8.460380299441827e-16	-2.776270465636476	2.2160204007886093	1.0412870886343935	3.315126940650236
0.0	0.0	4.905709380048405e-16	-2.51387039263483	-1.3699294264177078	1.3691895168347186	2.7635680845779644
0.0	0.0	-1.3134141081938306e-15	-2.0506092189443583	1.0742928697188279	2.721449248737203	1.8540791501389595
0.0	0.0	1.6600882865391228e-16	-2.4939247367919046	-2.397167026742577	-0.3386926411189837	3.2235749006841052
0.0	0.0	-1.1996318047805136e-16	-1.132787216117837	-2.596629377625338	1.5332027097217273	3.7215569872601706
0.0	0.0	1.215256617371288e-15	-2.7918505480515967	0.38031542170650107	2.006663221546966	1.532608689291234
0.0	0.0	-3.847127005762474e-15	-3.021041769526698	-1.2748668523250517	-1.3770653293597999	2.080371127222497
0.0	0.0	1.5866744708578076e-16	-2.04094282152759	3.2674376583949054	-1.8013445390049112	3.2762106447060146
0.0	0.0	3.868101666068597e-16	-1.9841453998352616	-2.4204480689002463	1.2813438701621307	3.868469752637088
0.0	0.0	6.514372125295782e-16	-2.8134228626766316	-1.617211161936487	1.5056626797619843	2.544220868585803
0.0	0.0	4.699580938171989e-15	-3.0544546281876572	0.5415101162420636	-1.5308681106769146	1.6169567348364646
0.0	0.0	2.92606044592378e-16	-2.819799376498264	2.7098127558226937	-0.6329629572384627	3.48214570289935
0.0	0.0	-1.887742155227457e-16	-2.3194879002057416	-2.439043469365465	1.0451664670317522	3.8035188829363786
0.0	0.0	-2.438827902227906e-15	-2.468472449649072	0.5865167733441102	2.170589905481112	1.7456065441185853
0.0	0.0	6.673392348546885e-16	-2.4901982794747193	1.7921296991099727	1.8691776469324681	2.629214976372202
0.0	0.0	8.993019854488318e-16	-2.020814854563624	-0.677338209004593	2.5079210428208163	1.8806594005582427
0.0	0.0	4.926417793030245e-15	-2.2623758590495076	-1.2704330312004593	1.9102167146959563	2.4634532212303366
0.0	0.0	1.1061109860587313e-16	-2.1491182074806865	-1.0941789346927453	-3.044306093262577	1.4137145723150772
0.0	0.0	3.105942600547633e-16	-2.862175499340204	0.9580482437856256	2.7459115941465195	1.1720128137320065
0.0	0.0	-2.0701813142253364e-16	2.6888581679005528	1.157046905905859	-0.34423246456236267	3.2462896246639192
0.0	0.0	-6.086943879524851e-16	-1.8288595070988913	0.14288488873276672	2.9122176653650853	1.5487135276041961
0.0	0.0	-1.567009657350398e-14	-2.5532994962510767	0.21207295794130976	1.4362071290611333	2.303461923962028
0.0	0.0	-8.899598500937903e-17	-2.25254837772688	0.6834366067626696	2.2996887822588303	1.8609855141126663
0.0	0.0	-4.1777954720729926e-16	3.10389971445265	0.46755434674752255	-1.6633282953639963	1.586421632035586
0.0	0.0	9.952636123238644e-16	-2.577600049360063	3.0304884083193286	-0.5978289064642013	3.61985549037541
0.0	0.0	-4.172132892690278e-16	-1.3622087635032303	0.5099041329910052	2.1519307343837446	2.815602407798779
0.0	0.0	1.8595756576179473e-17	-1.7170900701477478	1.983567495403693	1.8813384160915452	3.3380322341774216
0.0	0.0	2.1862853740081458e-16	-2.734689013170602	-1.5959803819467955	1.0653250727779968	2.9518287032801944
0.0	0.0	-5.492734405638423e-16	-2.6788910881334838	1.952203791665644	1.434950343030225	2.918416093808645
0.0	0.0	-6.697042491048727e-17	-1.8624922491414564	-1.2557735305571716	-2.9485393495973593	1.6602606616000686
0.0	0.0	-2.399107209036782e-16	-2.6007422975495493	1.1761548725874582	1.7927567976861163	2.2258154155100516
0.0	0.0	1.448889559567305e-15	3.141306023742197	-1.3193109137288734	0.5885158994106529	2.8735550640224
0.0	0.0	1.0542537585570977e-15	-2.1599457165966003	-0.4365205306481756	2.3122483365301907	1.86285788398715
0.0	0.0	-9.883092632828965e-16	-2.6826117570505095	-0.8042931886817208	2.033177511249126	1.7617087943404175
0.0	0.0	9.95034124862268e-16	-2.766099814243891	-1.2212336368950545	2.0421048819740304	1.9149358732335582
0.0	0.0	4.476056936580864e-16	-2.7004708138700555	0.9508896925318009	1.882604042559608	1.947964771784215
0.0	0.0	-1.0125331759672385e-15	-2.266124248215494	-1.1291962077114945	2.1248218792369915	2.2035546711630074
0.0	0.0	-8.345712903951422e-17	-2.784394152151083	1.7880533305505937	1.6516693472644368	2.570796313520514
0.0	0.0	-6.507663047950277e-16	-2.4706849540418947	3.2534123044300127	-0.07109005958920989	4.042616390420936
0.0	0.0	2.2191951344926108e-16	-1.755842162410107	1.176204834320769	-1.2741123040024585	1.2710316552946272
0.0	0.0	-5.754112739138232e-17	2.9017868749714344	-0.7888773623720341	-1.2309362334172116	2.290592753261003
0.0	0.0	-5.300962913858094e-15	-2.9399789055090504	-0.9361109057035705	-0.19381092113501008	2.9013345595050093
0.0	0.0	-1.1915481000115118e-15	-2.686786629750863	-0.8288572851456466	2.256201064457287	1.5757963196280618
0.0	0.0	-9.121761766411404e-16	-2.606585023554246	-0.5430620955745273	2.590186867684379	1.214582459113544
0.0	0.0	-2.7131370191674917e-17	-2.7581878415673575	0.37568596150749733	1.6285077787498659	1.9333424616578196
0.0	0.0	-3.8483888263108296e-16	-3.0817661629060416	0.5122386369275556	2.2708572139019667	1.0622306375821957
0.0	0.0	-6.001091499645282e-16	-2.558637887093224	-1.3307119305555228	1.71310466897303	2.4117827810831503
0.0	0.0	-1.3519207229912495e-15	2.3418203942627427	1.4675295736819873	-0.702713080773913	3.379767318951116
0.0	0.0	-1.615347648639057e-16	3.041600647906286	1.1339858304314863	-0.24224721258584747	3.206547829476585
0.0	0.0	4.1969348256873595e-16	-2.523546933497044	0.7129778418004118	2.2086928217245663	1.7069767157277227
0.0	0.0	2.0503572143037862e-15	-3.0711506364199077	-0.43868744456815045	2.152178427263471	1.1470579457462597
0.0	0.0	1.5048831988924183e-15	-2.412961321682915	-0.7577690039300811	2.1203448983615623	1.9069060498383217
0.0	0.0	4.575803768163025e-16	-2.510952340764157	-0.6807141955509308	0.7371348902849795	3.1104970901377342
0.0	0.0	-1.273371837462241e-15	-2.507820958414425	1.143917664074057	1.883038425723796	2.2112089501435648
0.0	0.0	2.1117315654067539e-16	-2.4935895913489827	-1.5291412191638134	1.4392651628922328	2.8039840542024095
0.0	0.0	6.046742713202299e-16	-2.1857373802963966	-1.4870673750795331	1.7407787578101557	2.7866214221679484
0.0	0.0	-1.0933795597372577e-16	-2.2898244104078835	-1.582073737714139	1.906155383936114	2.619042604536256
0.0	0.0	9.259707075717208e-15	-3.061698149342295	-0.5496774205496942	1.8499219148228487	1.477611749583578
0.0	0.0	-3.8629704106710036e-16	-2.7569437226371503	0.35936384114366565	1.605626858726046	1.9539455712338294
0.0	0.0	9.598441605986823e-17	3.09164805789986	-2.3538476458644544	0.7521863918737529	3.3186864309161965
0.0	0.0	1.239109793652321e-16	3.059537661421756	0.1782237381048937	-1.6754341018589534	1.5584379610160939
0.0	0.0	-2.2065918112952503e-15	-2.247151262560588	0.3533236400193037	2.2689221221305327	1.8020882723100369
0.0	0.0	-5.9697848030032385e-16	3.114319272060742	-1.0824906445747906	0.4025779656315707	2.9198162456884393
0.0	0.0	4.4123924979430717e-16	3.106940678589402	1.8085022960041506	1.1189998644819068	2.6874875320727822
0.0	0.0	8.852148241299849e-17	-2.6813147721366346	-2.554875097993445	0.2090541926223555	3.857670219029741
0.0	0.0	-8.818427013162569e-16	-2.9336095070792907	1.621992852560111	0.4415811947455573	3.3297587658159786
0.0	0.0	3.7461411501437993e-16	-2.7262686174759416	-2.7515442173251796	-0.5435885676027112	3.5121343624654005
0.0	0.0	-9.870937746349358e-18	3.1115318791707964	-0.8118809290058674	-1.5893541851307313	1.7784323256441068
0.0	0.0	-3.2915024933777517e-16	-2.239139732745816	0.3738307584714825	2.6323390266676583	1.4603646164520279
0.0	0.0	2.612185665628637e-15	-3.0464326508834887	0.9078333204662656	-1.8661388130153753	1.4890449561575503
0.0	0.0	4.535037531468669e-17	-2.9186634396853677	1.002313752723179	-1.2937740610005974	1.9091616882445028
0.0	0.0	5.188642417213847e-16	-2.492324253884313	3.4671915676510956	0.029649643811326766	4.287396611867043
0.0	0.0	2.365200798789929e-16	-1.9059981105040187	0.42382040723423775	2.689609871028886	1.7399830365911626
0.0	0.0	5.521184123407875e-16	3.1066968942934317	1.043384902445978	0.013170017000625556	3.2647451041674267
0.0	0.0	-1.054691000785298e-15	-2.557124172904398	-0.6570530148474003	0.6130572859210971	3.1815894807764624
0.0	0.0	4.91346668475438e-16	-2.329262861773436	0.8826440583505266	1.6473788039059238	2.469656677331206
0.0	0.0	-9.572966288865219e-17	2.922032659872416	-2.1747469911929147	0.5653781399626157	3.20676550466571
0.0	0.0	7.246220577437053e-16	-2.0192148996538934	-2.4286987503327	2.417284200540222	3.051037129721303
0.0	0.0	2.105676946400202e-14	-2.616288445080246	0.8623299498966566	2.4090314943587243	1.5250699085123829
0.0	0.0	3.490350334982484e-16	-1.7367370921850922	-0.39214218727277367	2.324036617557246	2.256742963534539
0.0	0.0	1.0656965439037193e-16	-2.3512739321265816	-1.9315638543963147	1.617805759059984	3.0143031907193385
0.0	0.0	1.4960844460636165e-15	-2.8436868510827633	0.11273389146133939	-1.3050503530959956	1.5427609028041258
0.0	0.0	-6.456149391179579e-15	-1.6382594107933368	-0.6637901825921324	2.1263921725954744	2.6045401752280797
0.0	0.0	-1.2161101800895408e-15	-2.572073934519381	0.49155840367077985	2.0677492975192155	1.715304222064141
0.0	0.0	1.3695871770239508e-16	-2.5600402446375727	-1.766931330255359	0.9663320638656482	3.27445632670661
0.0	0.0	-2.099250130557326e-16	-2.561988904926015	0.1901883567022667	2.140302704514247	1.59229284196627
0.0	0.0	-1.377183672765397e-16	-2.59866741213338	-0.8491325808978676	1.7990278273786449	2.067873046203586
0.0	0.0	-1.2635827734102806e-15	-2.9854203667532317	-1.4009000105479614	1.0857340870947705	2.618320327164751
0.0	0.0	9.694281583461176e-16	-2.83526228227146	-0.5649310082444007	1.5585221124189343	1.9720504182680085
0.0	0.0	7.852722979822195e-16	3.0513281457536126	-0.5248990729448797	-1.8408609971618146	1.4867378268464142
0.0	0.0	-9.937743706687697e-17	-1.5194491442206814	-1.2055198072074453	2.5473560783855116	2.523017773394202
0.0	0.0	1.4922981421468354e-15	-2.659355705687564	-0.09148961297792893	1.4241415771425783	2.201589824138277
0.0	0.0	8.070406680218515e-16	2.8257546899766908	1.921843986218759	0.48331085397163304	3.0299385195418234
0.0	0.0	-4.7201791300291e-16	-1.8051366279752896	-0.29106087489041277	2.3004981596534977	2.1969166343054365
0.0	0.0	1.6882950689420976e-15	-2.208749773243282	-1.503761020146199	2.4693330637625843	2.1994661046419695
0.0	0.0	1.3624788491717314e-17	3.1313085375665595	-2.865966455469522	2.07140695577137	3.05567588054893
0.0	0.0	4.590258509613011e-16	-2.6677101600921858	-0.5932423053578029	1.9135814188935778	1.802325912517409
0.0	0.0	-6.465923713342037e-17	-2.513174026445443	-2.119785593323181	1.3806166977163412	3.1941661564507453
0.0	0.0	-3.275031290981077e-16	-2.564406403327094	0.9958983251816905	1.7507100596358152	2.2056990841173385
0.0	0.0	-3.1234798994394636e-16	-2.9667134479927446	0.06483806764524078	-1.5295693637638763	1.4386059550307726
0.0	0.0	-4.741053421928379e-15	-2.2728989705910028	-0.3860149319090387	2.422765780331079	1.633777538160221
0.0	0.0	-6.117249585778157e-17	-2.2160655041313646	1.169999079989426	1.917710296286928	2.447214554331502
0.0	0.0	7.529313419663483e-16	-2.8259163811369223	-1.3740973317362484	0.7518691451624561	3.0343584909287427
0.0	0.0	-4.445100933951814e-16	-2.1521742127076973	0.900386577780606	1.9270267276591364	2.38080723255842
0.0	0.0	-1.9485838446261885e-14	-2.8700621564760582	0.28102650486381586	1.6547755554466372	1.7806634050773529
0.0	0.0	5.501715542773569e-15	-3.089185674085498	-0.5126931727029974	-2.441112000915832	0.8263496688399498
0.0	0.0	-7.43833841973123e-17	-2.9867300820805687	2.9879015087914857	1.074141671777942	3.72373910948565
0.0	0.0	1.331359882112218e-15	-2.3665419939491885	0.5377710252148278	2.1871581425595163	1.8111644406654779
0.0	0.0	2.1549339735372237e-15	-2.6105904399338478	-0.7091996500459653	3.0084676129758448	0.9716116268805096
0.0	0.0	-5.634927238856452e-16	-2.5265590712128616	0.2207761792144556	-0.9286506502536174	1.6130881696550252
0.0	0.0	2.6359523096587055e-16	3.038016968343237	0.21505950906422971	-0.7089200017357751	2.5453499209115384
0.0	0.0	1.381828240234509e-15	-2.1152982151841773	-0.2620623247588674	2.2425837368142973	1.9430567854619352
0.0	0.0	-2.832533824417525e-16	-1.9804395803086239	2.2965060961212584	2.3983112299550933	2.983422699277677
0.0	0.0	-1.720333333301634e-16	-1.8953900771774768	0.23094708183908713	1.6085690337644853	2.7888052647080688
0.0	0.0	-8.40271567625359e-17	-1.6148844459158678	-2.6775157086783072	1.022734050220733	3.7584733205626195
0.0	0.0	7.180940938605059e-16	-2.4587689710723133	0.9244743690386961	-0.5881568414755582	2.086586350574546
0.0	0.0	1.5892658507501996e-16	-2.3015317558237802	-1.7890865365812791	1.896730850907583	2.747313833951394
0.0	0.0	3.5636723087228306e-16	2.997681117709422	-3.313114538616798	-0.8960998135207934	4.084847759439757
0.0	0.0	1.6206727833541123e-16	-2.5396732780468043	-0.6925335843468567	2.7906411954903465	1.1779497404621029
0.0	0.0	-7.910608312097075e-16	-2.563586135401149	0.2645294883614135	2.7628272902451427	0.9926672571942279
0.0	0.0	-1.6785393428710837e-15	-2.633592141403828	-0.15914939751323018	1.8043291257404166	1.8521144425160054
0.0	0.0	-5.07280039293252e-16	-2.7924298876157176	-0.5873984929714008	-0.4260750102727542	2.4381698864250425
0.0	0.0	2.0098360875641536e-15	-2.1829915844154097	0.31862484482005243	2.2081288001111345	1.9187056739559252
0.0	0.0	-3.0917725638865643e-16	-2.7077283144883473	1.2737836139362237	-2.100364231214095	1.4111753345293419
0.0	0.0	5.27874309689841e-16	-2.0624921791997943	-1.167517928860908	1.3092415473140677	3.1368213880890012
0.0	0.0	-3.3584884061108325e-16	-3.0302602236383924	-2.096621054855701	0.8932837206911172	3.1565372180503743
0.0	0.0	-7.443874383319911e-17	-2.2998242813711838	2.1039186584542735	1.4820326889448057	3.268503812172909
0.0	0.0	-3.4628800421684376e-16	-2.755409301617638	-2.913102555427121	-0.2849657834968573	3.8195886787272006
0.0	0.0	3.799603495638552e-16	-1.6638037775749446	-1.0744928216128273	2.56399773932496	2.3192967358753314
0.0	0.0	2.947306744395068e-16	-2.7421712354008827	-0.16679953878243417	2.1057577947729005	1.4449161452563921
0.0	0.0	2.783123161124533e-16	-2.233643617999167	2.7837977039020725	0.7327424299421925	4.068043244813359
0.0	0.0	9.444350400379297e-16	2.486168791529996	0.6568795425779301	-2.708545089885638	1.2713224524730147
0.0	0.0	1.2934598045852102e-16	-2.63030337743643	3.5430056941533272	-1.0357821908286446	3.8852782607355163
0.0	0.0	4.568121992407494e-16	-2.5011694481445454	0.8234427460115874	1.834343070390846	2.1145891439199613
0.0	0.0	-2.6374898528552442e-14	-3.1119397221323064	0.7738254834202837	-1.8841276718451603	1.4513195063875501
0.0	0.0	4.324009481386748e-16	-3.0147606800912077	-2.361719287977963	2.3773871423109623	2.5242158771558354
0.0	0.0	1.0416663259301982e-15	3.0414286244162114	-1.0797919007530608	1.0333607480295026	2.279975250985882
0.0	0.0	-5.572903296812214e-16	3.1087538151381584	0.9082957880331747	-1.7979489345503445	1.649152955197304
0.0	0.0	-7.218875232141697e-16	-2.878153949062489	2.115296336478844	0.15201964159996376	3.6954608076218327
0.0	0.0	4.665455568558422e-16	-3.0223498370016664	-0.7632863368055127	1.6063547292276523	1.8220627195926398
0.0	0.0	-1.553045726153009e-16	-2.7987475263152914	0.6236655377699035	1.3932535418213503	2.182203066770699
0.0	0.0	4.020081158302869e-16	-2.6320314318580005	-1.006307249131053	1.7867598196014742	2.1186362299031414
0.0	0.0	-8.343798123418819e-16	-2.1632964439839117	0.5955712497879343	2.3140338803576403	1.9015302607676061
0.0	0.0	6.72548478040454e-17	-2.8683188915644724	-1.4642683796174079	1.224828986393715	2.634453611081065
0.0	0.0	1.0149950743616788e-15	-2.9252646463798793	-1.2657113462858913	-1.2530238363671131	2.0972397428021905
0.0	0.0	-1.2588072071614242e-15	-2.1391390233198955	-0.4724673579651014	1.0052261000160494	3.1741798233318086
0.0	0.0	1.6508530236333443e-16	-2.5885106802504483	0.5306592512665972	1.2625371377829546	2.489355741364646
0.0	0.0	1.0155847814127005e-15	-2.8450261124333394	-1.9287277458886167	-0.32355992907097786	3.1745523198713457
0.0	0.0	-3.076697449946971e-15	-2.081114700251767	0.22079537963317347	2.692629075751042	1.5255046167444568
0.0	0.0	-6.646073704108195e-16	-2.954107074484092	0.2866895405041829	0.4360513675549027	2.9071971613668897
0.0	0.0	7.307819550048672e-16	-2.812093205699271	1.1364606766642744	-1.6606764651297308	1.6178082024974414
0.0	0.0	1.3474644051097152e-15	-2.242488657487204	-0.40205308798292577	2.2573244966066706	1.8281309914659212
0.0	0.0	1.6302382406932946e-14	-2.541088155921396	0.4601179473722233	2.2642230223073354	1.5478438120547764
0.0	0.0	2.9311457925565265e-16	-2.1193619269206945	-1.4355053226422538	2.368479270479427	2.2986813619669126
0.0	0.0	2.904900046374691e-15	-2.178541088810583	0.05509290843353734	1.1058661377756533	2.999284115452686
0.0	0.0	-1.203792806171272e-17	-3.025472416715942	2.3887222139233706	0.7953329403303459	3.4306426269883366
0.0	0.0	-4.316947891963099e-15	-3.1034097755401544	-0.3313263618119001	-1.4641083492329008	1.6724491993254993
0.0	0.0	1.0527437238909838e-15	-1.8844978117936888	-0.8424985945597485	1.8901329976761114	2.6462519815420356
0.0	0.0	-2.0407311223261545e-15	-2.01251538313276	-0.021744812835088372	1.839907235960063	2.4308599471545085
0.0	0.0	-1.3791218562180335e-16	-2.8299840890662904	-1.3093134624630838	3.0967970848151127	1.3569545494301192
0.0	0.0	1.6833927133632996e-15	-2.552057070115008	-1.0293227996988068	1.6984138904378259	2.2784716458543035
0.0	0.0	-1.5184367172120702e-15	-3.0971157337076463	-1.26996726812508	0.19704614203511245	3.2476265080497573
0.0	0.0	1.1952474518894026e-15	-2.1964712601124567	-1.7122650524721406	2.8002936420324884	2.1416650224549394
0.0	0.0	-2.1455699081086887e-16	-2.8032525461350573	-0.009084858091687985	2.0099096375517616	1.4700511957921665
0.0	0.0	-1.092544540041455e-15	-2.5021860075254194	-0.34260261684417964	-2.9580773985946593	0.5702749455477819
0.0	0.0	-9.632573108072655e-15	-3.0843027674500436	0.9599555978766048	-2.7398689210159985	1.0198771614581825
0.0	0.0	7.981083026958021e-16	-2.4437732194066557	-0.7877899148255796	2.111145081955076	1.8993472018826645
0.0	0.0	1.3409641807341373e-16	3.0937370898603107	-3.1640364331098003	-1.1772232509256542	3.749690102585012
0.0	0.0	2.7381250002601895e-16	-2.4693003132183513	3.1774500503254677	0.6506928666083768	4.453150150677452
0.0	0.0	-2.335049554701929e-16	-1.547746011619478	1.1526192366106367	1.472331576853228	3.2325531310405404
0.0	0.0	2.0298198368344813e-17	-1.5924193500871562	-2.0011843047229037	-2.850754414104459	2.3639259199062734
0.0	0.0	-2.189752762344513e-16	-2.5449424417115996	-2.3453095189356947	2.498454232427727	2.652838591815607
0.0	0.0	-7.269079242724322e-16	-2.827933383738202	-1.1902775555449978	-2.925575241703044	1.1942757603087322
0.0	0.0	7.48985195583464e-15	-2.7454564738207727	1.2988572306643429	1.674576202701733	2.2712040486872658
0.0	0.0	-1.5562285477823776e-15	-2.10604244271952	1.108067578207838	1.757358769760917	2.661422330791257
0.0	0.0	-1.7800933985237662e-15	-2.815883335323569	-2.1858679918840167	-1.1842272774640579	2.727695065268971
0.0	0.0	1.0246621032409265e-15	-2.6780256591364795	0.905908092503786	1.5721914902024983	2.2256749544481296
0.0	0.0	-4.638021910386247e-16	-1.9272237373831391	1.273689184480109	2.8876585035177538	1.9437587383996553
0.0	0.0	6.36480146196706e-16	3.0932196399223306	-0.6607544110899963	0.9971708632917995	2.197729934680154
0.0	0.0	1.0800526004674082e-14	-2.1048764450867417	0.8798922750440382	1.791537203340982	2.5437942854529867
0.0	0.0	-5.545954783255517e-16	-2.160833303751125	-0.2454998397512192	2.304533873277224	1.8343208349752818
0.0	0.0	-5.46663772819067e-16	-2.1883354123154852	1.2974397061675655	2.836753355967753	1.8072511425707138
0.0	0.0	2.1304503606511535e-15	-2.6837626352062136	-0.5657824026759258	1.8445030479881552	1.843868925337743
0.0	0.0	-2.2239684819683433e-15	-2.6816145646265306	0.5212458090466731	-3.0552461021876374	0.6413249716867415
0.0	0.0	-1.4486444678433148e-15	-2.1707995644649003	-0.7038941759077838	1.796694790682074	2.4203081614130464
0.0	0.0	-1.095201290866774e-15	-2.614484856936257	0.3835483147359259	-0.44662184125638227	2.2015311409311047
0.0	0.0	-1.0508683145051814e-15	-2.874330183555814	-0.9653941549078536	-0.8243252925621967	2.2659448200315913
0.0	0.0	-1.5192308832556679e-15	-2.7278419283211988	0.7669809377301047	2.0160338284214503	1.7198062829597172
0.0	0.0	-3.003276217242291e-16	-2.115057819488479	-0.8922470117476043	1.360484239464695	2.9460083739330902
0.0	0.0	-5.37607310784818e-16	3.095108490561865	1.1448446459353605	0.5478919061029635	2.7926656784279307
0.0	0.0	-6.987879887658641e-16	-2.5951664238213357	1.6216356762381205	1.5476044599189727	2.6853447023641426
0.0	0.0	-5.714638574216649e-17	-1.6308046144897306	-2.8860248610368626	-1.1650937276863864	2.923358706797713
0.0	0.0	3.322127500248656e-16	-2.175938392992779	2.0557989812472135	1.7024159389954876	3.1637827786585966
0.0	0.0	1.219116785400581e-15	2.8785055657179686	1.0274676134302052	-0.5841884518347129	3.0018095894825176
0.0	0.0	1.1506902325937453e-16	-3.044679749042044	1.6638370429057792	0.34936414824013123	3.333990370671374
0.0	0.0	-1.2239834426173489e-16	-1.9229978680893014	1.6271096019097073	0.872952255494671	3.234937827871812
0.0	0.0	3.195397164681871e-16	-2.3916528675791393	0.458625406394985	-1.3624796605736158	1.1267363282547513
0.0	0.0	-3.7654717116215555e-16	-2.8966674571807607	-1.3621652459883171	1.556027292871686	2.2817076581170594
0.0	0.0	1.307714031795023e-15	-2.438575689937572	0.24793048086217362	1.862892991083613	1.9971655689334282
0.0	0.0	2.1165805847395418e-16	-1.8429235261312282	2.2204945639465086	0.17563645497929814	3.0008632934302293
0.0	0.0	-2.7148485918323145e-17	-2.4460221044985038	-1.8153319274105177	1.755304189470593	2.762167076330057
0.0	0.0	5.341989806913189e-16	-2.718348947403368	-1.4021630966447123	2.0077406650144614	2.0953778542873573
0.0	0.0	-3.6956767559217237e-16	-2.778858433591031	1.3442608501839797	1.9778276252804858	2.0340199577247167
0.0	0.0	4.70879072027893e-16	-2.3400908103629225	-0.3889816349800427	1.8238884806965598	2.154609210764539
0.0	0.0	3.376981001441086e-16	-2.4652043963720986	0.8978239214974187	-1.3650642335128396	1.4199986520940786
0.0	0.0	5.593903509643665e-16	-2.0913488864979586	1.8164433640774587	1.1162216398660314	3.571956435186801
0.0	0.0	-6.8703812223061895e-16	3.0408898319156488	1.3290448303429885	-2.116409196540115	1.741832389663254
0.0	0.0	3.9017455682985083e-16	-2.927012884956436	1.9094342172439949	1.0042045963788813	3.0294705286219243
0.0	0.0	1.9320283959617367e-16	-2.031222266132626	2.8790053685430563	0.9303551326158322	4.130328388987663
0.0	0.0	6.489847717139058e-16	-2.0550081747384787	-1.3876178697294086	2.364766320995083	2.3233129803378443
0.0	0.0	1.6777074720119194e-15	-2.843390106257131	-0.37968835081969887	1.7822920862256866	1.7004351851739818
0.0	0.0	-3.695772337948536e-15	-2.931999120987078	-1.3916701257414845	-2.389064883773499	1.4938284121076288
0.0	0.0	1.0129767983682167e-16	-3.1359138340064447	-1.529945507176247	1.6238328596392593	2.1590735198540187
0.0	0.0	-6.468057710256986e-16	-2.2796793207363617	-0.7262014782917728	2.511415863180662	1.6594280710566647
0.0	0.0	1.3165404782544377e-16	-2.831147203091001	0.6567550918779028	1.4625641144490704	2.0950737471888
0.0	0.0	9.759012111693028e-16	-3.1019810404087593	-0.32072069750017723	1.8240600702797596	1.394525774546453
0.0	0.0	7.12293533114187e-17	-1.5172191873418939	0.6565444371487149	1.8363417017126955	3.002290763604543
0.0	0.0	1.7817614454489235e-15	2.9455334659707106	-1.2911601273139819	-1.005374120345527	2.665823295269399
0.0	0.0	4.432265681788108e-15	-2.7419731490240746	0.6917914391886465	2.657198908353363	1.1225216350522818
0.0	0.0	-1.0071395833493761e-15	-2.505910857691958	0.4945416572377772	2.3071081571355756	1.5511158492877535
0.0	0.0	-1.5157238133745931e-15	-2.424350429208616	0.22639380179206373	1.6501259249585378	2.22028137689959
0.0	0.0	8.646692297932013e-17	-1.9796067359080087	-1.2599384569965364	2.1252381167206935	2.51646817014477
0.0	0.0	-8.038967094072436e-16	-2.305506433474867	-1.7172056765562513	2.211304359086959	2.463508526773987
0.0	0.0	1.4371064999966935e-15	-2.3366806054963978	0.5335112955407384	2.2283117058505173	1.7991168592945836
0.0	0.0	-6.50111171927748e-16	-2.347514470929532	-1.7861685134676502	1.5133162891272682	3.009684287507523
0.0	0.0	-5.343796989607946e-15	-3.0222376613663178	0.5970404371153765	1.6646706392178843	1.7042762585144602
0.0	0.0	-1.2118676805050309e-15	-2.4854034676888976	1.2184977326342852	1.9729819455227946	2.1942268290812903
0.0	0.0	-3.301816228219701e-17	-1.8554097259206657	-0.7307328490408618	1.8037175567859154	2.7239036349453603
0.0	0.0	3.634376692517956e-16	-2.794078079719304	-0.7577925354740185	2.6445761229633287	1.1346727780655468
0.0	0.0	-6.348241652879303e-16	-2.9868077782646876	1.1222988659247235	2.8132736540986	1.2218609161105223
0.0	0.0	-4.7183453571512496e-17	-0.9909598997436779	2.488145894311126	-0.40844051454343866	2.555425370757553
0.0	0.0	-6.757681165327967e-16	-1.6958703561351616	0.6859968202421909	2.5107937273640575	2.186900095975444
0.0	0.0	2.834215642710839e-16	2.9192583951269473	-2.727400059586204	0.8214647935670603	3.440850051916885
0.0	0.0	1.180842094818612e-15	-2.324882840420241	-0.6894434192026938	1.6066555779496081	2.450627535536647
0.0	0.0	-2.070764613955164e-16	-2.4573931376766915	1.0096865921898668	2.4848517462724033	1.678567315630075
0.0	0.0	-1.0381201113459221e-15	-3.034123293945546	-0.9522269438977733	-1.6309285998507432	1.695786396401592
0.0	0.0	1.1293393780547128e-15	-2.7835060403710212	-1.081524768079751	1.8623759632914125	1.9622583753619556
0.0	0.0	4.3164677706772484e-16	-1.8704400600898712	1.4747284387490418	1.9289556491308486	2.8886042884036316
0.0	0.0	-3.6342164923478436e-16	-2.7307308037276186	-0.41513698900167156	1.1643956014888694	2.4238737671097006
0.0	0.0	-3.131234374290503e-16	-2.872124134012743	1.7616602653140392	1.2880331410835937	2.7587487952689
0.0	0.0	5.566310773479645e-17	-2.629412062277658	-1.270279080469508	2.26712144284249	1.880535073438713
0.0	0.0	1.159120917740005e-15	-2.2147818304419964	0.5976251661814925	2.2197061330896277	1.942894157607276
0.0	0.0	3.8306402054108324e-17	-2.685117103682396	1.670921735806921	1.6758849420378577	2.5469134138848246
0.0	0.0	-3.9265924257882445e-17	2.8999433928546585	-1.2992567232086605	-1.8723949146849588	1.992668233581296
0.0	0.0	-7.93534041062937e-15	-1.9165275090488532	0.4734719735958045	1.3736568873715496	3.0302194906616937
0.0	0.0	-6.460630555183662e-16	-2.4521130950402754	0.5485384048103654	1.2906794429063706	2.598940130807731
0.0	0.0	6.39863091301495e-16	-2.6234137871292815	-0.7722260417472477	2.2345501105697716	1.6209839991789867
0.0	0.0	-3.065448712538837e-16	2.757462457841595	2.6467864146928397	1.64021252388641	2.8729298181343457
0.0	0.0	-6.868149906401402e-16	-2.580847389125752	1.456934036177266	2.0108987910864613	2.2324029891594233
0.0	0.0	-1.0111883082401148e-16	-2.7562439184464425	-0.4873407274567746	-3.0332012778195088	0.5605411345735476
0.0	0.0	1.3775948320108921e-15	1.8754904955905394	-0.22129735179835414	0.6161580168074058	1.2786284878849825
0.0	0.0	-2.6650089095223447e-16	-2.2584589145179272	2.5958999152488085	0.9855541239286262	3.9969068601888464
0.0	0.0	-1.8107174121447965e-15	-2.80090725430172	-0.27029429077933026	2.0282634658409497	1.4789244142092026
0.0	0.0	3.9461426117248016e-16	-2.4520010774934424	0.9000402518908442	2.0729987158961913	1.9751680323265086
0.0	0.0	1.0456789819953535e-16	-1.370273674320936	1.9231205822828936	1.9194939313480266	3.557940740051363
0.0	0.0	1.1025749284253137e-14	-2.8291322150263674	-0.23223477981352228	-0.7861846413845566	2.056105002572583
0.0	0.0	1.1895335328825082e-15	-1.6610964848809955	-0.6579076011557355	2.775127522990766	1.9606398070016189
0.0	0.0	-2.1934787507368814e-15	-2.7468334799262557	-0.743918542138845	1.7509747173480306	1.934162925379292
0.0	0.0	-2.711997337948629e-16	-3.024863286517425	1.5239950532489772	0.290925239652126	3.3358663909509434
0.0	0.0	2.43786631346074e-16	-1.6605121542250147	-1.1093860278931584	2.6953369171271406	2.2238170619046005
0.0	0.0	-4.881890914210366e-16	-2.2276100348851475	-1.5459446566346018	1.8581215335289356	2.686772750976823
0.0	0.0	-5.306436691070113e-16	2.9824428046395655	-2.728685982695884	0.3046396952269972	3.823134405816858
0.0	0.0	-4.2392533469978273e-16	-2.64284570686391	-0.85408941759634	2.4701732601258852	1.4487090794784245
0.0	0.0	2.238228494065376e-17	2.3408979654672906	-1.1715260946372317	0.6434275417341432	2.0624934496537812
0.0	0.0	-2.162852136237869e-15	-2.6657000947841074	0.602986199744343	1.8716475587401264	1.8470358605081147
0.0	0.0	-1.276362469682097e-15	3.106291876255282	1.5378229067421318	-1.2734002986984025	2.447076908667155
0.0	0.0	-1.3447071300237497e-15	-2.4899135023087218	1.2872718068665567	1.8397769768406063	2.339489420342495
0.0	0.0	-1.8240709961950737e-15	-2.967882693773458	-0.09679416913029916	1.9158788583758044	1.4027672498746164
0.0	0.0	2.9481701658277315e-16	-3.123444876436429	-1.409184767194775	1.5601688702557834	2.1317670804320543
0.0	0.0	6.591231437155268e-16	2.4861003517537794	-2.3461085434065594	0.7598461087751592	2.9127614060967884
0.0	0.0	-6.118880580345889e-16	-1.8112361705122497	1.1875577984382828	2.067316562671866	2.6818932380972336
0.0	0.0	4.662044434295144e-16	-1.8073065249494897	-0.9380855106121981	-1.6474593393769847	0.9516068242483343
0.0	0.0	2.5498333811325018e-15	-2.3150990616567584	0.3620856452257005	1.301687267089683	2.6908715180528087
0.0	0.0	-2.1319440419932402e-15	-3.0904570506138733	-0.27706279359007546	1.5317880393229315	1.6838901973841505
0.0	0.0	-4.834923075661958e-16	-2.516966439817388	-0.38711159949112794	1.9595003766926402	1.8477248428778204
0.0	0.0	-1.5888693022542363e-15	-2.532736023793372	-0.709537993044631	2.075115740461589	1.8193918334493466
0.0	0.0	-1.267680321474981e-15	-2.128440726970803	-0.021138358415096405	2.160092975366689	1.9947636087756428
0.0	0.0	8.953611503215084e-16	-2.222392540646454	-0.7371951788019587	1.9901547907969739	2.1979532202050134
0.0	0.0	2.2042383123296873e-16	2.729620883037398	1.7479513748794393	-1.1810117387046066	2.9469204695953373
0.0	0.0	5.904787157061808e-16	-3.0469937257525554	0.3574390853407866	1.6330876138031052	1.6424691871511108
0.0	0.0	-3.455288440625068e-16	-2.367974161927727	0.5251433687504802	2.686072096939581	1.336621995116277
0.0	0.0	-9.073295792690968e-17	-1.8702546824614554	2.151578476431876	0.9364619873780722	3.5365164222720638
0.0	0.0	2.4802615193203288e-15	-2.2604176490916457	0.5847099911961486	2.1891342527402013	1.9246031380551534
0.0	0.0	5.685824621645573e-16	1.2040862071551537	-1.3898044292985035	-0.48194444216243504	2.185007025649124
0.0	0.0	-6.494202027557041e-16	-2.7801047322618984	0.6203955577390889	1.633964327477615	1.9693872637210936
0.0	0.0	-1.5331018868937366e-16	-1.3732552226370736	1.651349581824469	2.2156371919978577	3.160090130393197
0.0	0.0	-9.218174979496954e-16	-2.5855575255957852	-0.20852288364909116	2.894165471414176	0.8300804038576277
0.0	0.0	-8.066511755941364e-16	-3.0986005315291036	0.39363306893723654	-2.7534993984694567	0.5234900046801276
0.0	0.0	-1.3787058193425983e-15	-3.0778669776306127	-1.830258115479819	0.5018093636711186	3.2647826111184926
0.0	0.0	-2.0718880579667534e-15	-2.884783066097664	1.0494525162571162	0.5841522445632811	3.0035568292914934
0.0	0.0	2.834704772720833e-17	-2.8189394813833566	0.7091713333045581	-1.2107386268558393	1.7576216795670225
0.0	0.0	4.0531648627646045e-15	-2.3811360005514177	0.6068238424848885	2.338248255758161	1.6774113694947521
0.0	0.0	1.1149596553493594e-15	-2.7464891593629126	-1.0663034982593813	1.462783563585813	2.331976963314888
0.0	0.0	-5.431203123552235e-17	-2.0919738791122606	2.0943457668119803	-1.9533697635718488	2.098927176394646
0.0	0.0	-6.962116880919553e-16	-2.1387080991853473	-1.5864393362340552	1.3695336686734834	3.1964200934746905
0.0	0.0	-6.17761459929004e-15	-1.6501699626705122	-0.25918321260164	2.8359258496392887	1.8156835049825852
0.0	0.0	-2.0470968110434619e-16	-1.750582924902731	1.854858364625716	-2.205135555890994	1.9097428222565305
0.0	0.0	-6.878787398212825e-16	2.8537619025393544	1.4611148261544504	-0.5760514849001348	3.205711753662459
0.0	0.0	1.0739159926423376e-15	3.088185813507482	0.6502461054991376	-1.5579023508805685	1.7615070401939938
0.0	0.0	-6.161304257288764e-16	-2.8462839608955868	1.2640523697634185	-0.3352963623237297	2.8112074120715778
0.0	0.0	2.5026699872475776e-15	-2.32632284047736	-0.11325953627360309	2.379076124285032	1.5818462203625046
0.0	0.0	-4.5043663242191026e-17	-1.9145778139866767	-1.1588211719847281	-2.9072338691890507	1.525854695759068
0.0	0.0	1.4426466158325258e-14	-2.947048937389571	0.8394788858533272	-1.9991237625601013	1.266209673343637
0.0	0.0	-5.907281701686512e-16	-2.1718432174006024	1.2658575189009584	2.7201916538771513	1.8808760707361745
0.0	0.0	5.277846373907966e-16	-2.3425668539557765	0.4122585544197321	2.098493990200533	1.8876916201967529
0.0	0.0	-3.057579923186e-16	-2.210713386792598	1.3775830817813102	1.2283792381824803	3.160157960004424
0.0	0.0	-6.650343733095884e-16	-1.7513516519471475	-1.2467272782997225	2.7287308406253947	2.192147044908365
0.0	0.0	2.464703944335928e-16	-3.1215395862812634	3.012877148291388	-1.0895992359611082	3.6340349885431262
0.0	0.0	-1.6806732687441425e-16	-1.564622921783636	-2.7460970498909227	1.2016968397563381	3.8978935376054347
0.0	0.0	-9.134660893533361e-16	-2.184869171461303	2.8237749666453373	1.2220261584715946	4.030725628898925
0.0	0.0	-2.1732012497391253e-15	-2.8648426300409593	0.7809792183641083	1.9894526990344894	1.628390342959286
0.0	0.0	-1.0722913712064451e-16	3.0646897682789276	-3.3239910973084834	0.10632305978922739	4.449814647475358
0.0	0.0	7.552035482848867e-17	-2.6533368529645833	-0.5887704746024016	2.385639782497866	1.376483160281905
0.0	0.0	-1.31937982895593e-15	-1.6116563759067875	0.011386540744255578	1.387000099095123	2.9986780934906974
0.0	0.0	-7.102208437319535e-17	-1.8292250593915451	-2.0702092202162534	0.6573678808221548	3.2355696045347253
0.0	0.0	3.009824108287009e-16	-2.2812104502604935	0.9576341134712861	2.575092833286999	1.7184456362213947
0.0	0.0	-4.4218832737665085e-16	-2.96890781630636	0.8517549537503496	0.7775751716527382	2.6758821269960427
0.0	0.0	-1.7612853179797763e-17	2.6339182767018166	-1.8638565928474853	0.20315653474538664	3.0630971327824548
0.0	0.0	2.601645632745786e-16	-2.731861428102275	0.44926843768407404	2.7656746692431993	0.9050341485336635
0.0	0.0	4.3091550475506784e-17	-2.446390503007237	-2.29305154352351	1.7310249768589268	3.1132542374305303
0.0	0.0	5.705372496421356e-14	-2.0302636136806527	1.4616514561247798	2.8281325372357555	2.0411881635451103
0.0	0.0	4.465527334690201e-16	-3.1053665122283074	-0.28066248395993587	-1.5076520695354212	1.622178433555323
0.0	0.0	2.741835247179286e-16	-1.544801367901064	2.4542148650096283	1.285828999047219	3.7464168051518234
0.0	0.0	-8.438706016121723e-16	-2.3783695672611525	-1.1905471281547626	2.2561934387574256	2.0335579549752127
0.0	0.0	-7.714559690242233e-16	-1.8695936669675044	-1.1946433909682275	1.3930198807052308	3.248234379769166
0.0	0.0	1.1222012842097575e-15	-2.898575685974234	1.8797359441660733	-0.011913187585229856	3.44473911920705
0.0	0.0	7.944927107166745e-15	-2.637019502395839	-0.5013624595821803	2.3467949670073267	1.3927415014790425
0.0	0.0	-2.8876981521143854e-14	-3.050477239758581	-1.112687256372296	-1.386623257582496	2.001620094947205
0.0	0.0	-4.3000167416985897e-16	-2.3252510079219406	0.935501846534519	2.486537752021893	1.7436087588925415
0.0	0.0	-2.419028501275173e-16	-2.2000681489502867	-0.16851135890311048	-3.111740348656205	0.9271150294305451
0.0	0.0	-3.5204935326841007e-16	-2.3072063400001745	2.609004480828765	0.9971235313441085	3.9598590995880283
0.0	0.0	-1.6618323323665977e-15	-3.0882641291136355	0.055148268574060556	-2.5768585469449587	0.5143704900166806
0.0	0.0	-6.069889275618357e-16	-2.6320317458146283	1.9949286931320338	1.7796469635111676	2.735375191174285
0.0	0.0	1.1108437595964012e-15	-2.2447184336756187	0.345276920920291	2.329186181986284	1.7438052169079457
0.0	0.0	-3.237253107705596e-15	-2.2596664932149917	-1.4408296842578867	0.8261590456596829	3.4056290807147285
0.0	0.0	-9.174600172935251e-15	-3.0756967645484483	-0.006502693391357321	-1.9252858131063704	1.1504293295197272
0.0	0.0	6.88445630648105e-15	-2.715167436967859	-0.799824960635728	1.811734498277288	1.9298319227822303
0.0	0.0	-2.007313181071584e-16	-2.317642081729239	1.4757197421651873	1.5802918390562906	2.8048481124137288
0.0	0.0	-2.588276390798344e-16	-2.9659531137521373	0.24739814237040617	1.9554262726773086	1.3840958083306465
0.0	0.0	3.8276138747837553e-16	-2.6579298603885317	-0.5289321542222689	1.1478364253667812	2.533253684786625
0.0	0.0	-4.636724414875844e-15	-2.320995035399473	-2.4453988680221896	1.6268341579072507	3.3813996809498197
0.0	0.0	4.0557915702345488e-16	-2.1533339479488554	0.6625889598123256	1.0808643636478266	3.12015157146233
0.0	0.0	-8.22045952179471e-16	-2.965280432259059	-0.08260666945442909	1.270653704583057	2.048917083799755
0.0	0.0	2.394844592481094e-16	-2.678025962188007	-0.7024264044285391	1.7507698662675784	1.9829682782235016
0.0	0.0	-8.363608149203725e-18	-1.1479887678130831	-2.164834645703921	-1.443750997973222	2.1849449283744704
0.0	0.0	1.265183171741692e-16	-1.1841499679753822	2.0145889280298928	1.404744048268003	3.280387290592597
0.0	0.0	-9.746565034160633e-17	-2.4366151559737537	1.2721958702994418	1.7545967802885571	2.4484351976382674
0.0	0.0	-3.4531042654132358e-15	-2.8444502676332206	0.1939434961824566	1.5684765463507984	1.880287454375429
0.0	0.0	-6.764254511059753e-16	-3.0736497773402873	-1.1681763281836057	1.61127772827951	1.979662580839285
0.0	0.0	-2.0937022515902797e-16	-2.5445584042220806	-2.427655868392149	1.1644811226728284	3.5383243934800905
0.0	0.0	5.056004690445369e-16	-2.9992872603151874	0.6694341124775349	1.3061194912487237	2.0880014477968665
0.0	0.0	2.528444401164179e-16	2.664526377416241	2.4826943110080677	-1.5931740188106183	3.2041161287333204
0.0	0.0	-1.0842600900783702e-16	2.950022127417536	-1.736454532848453	-0.35041260315100065	3.4513874524491577
