isophoton_Eta	isophoton_Phi	jet1_Eta	jet1_Phi	jet2_Eta	jet2_Phi
0.0	0.0	-3.009386803670562e-15	-2.713043992422283	0.02811930757483755	2.042131527272697
0.0	0.0	1.611462186132158e-15	-2.3339984668763174	0.7810915628140445	2.256432987929653
0.0	0.0	-6.117883297888351e-16	-2.0976262974061903	-0.15544091544007946	2.2893118605607334
0.0	0.0	7.468827941717895e-16	-2.2207278270218076	-3.628346240987088	0.7455630176154577
0.0	0.0	-8.826799976438158e-16	-2.865943477203422	-1.7485813993652253	1.274906053556414
0.0	0.0	-8.612052276281599e-16	2.4518799828683013	0.2495375754611416	0.9126078992277981
0.0	0.0	-5.36579168458837e-16	2.0254388995216575	0.006362349599608924	-2.975810274965051
0.0	0.0	-1.6905125662973404e-15	-1.9677110154971942	-2.4072086936369352	1.1590991207675385
0.0	0.0	1.8804809451394682e-15	-2.8352814423208503	-0.5830121638827209	0.30148862399398674
0.0	0.0	1.1044773108907812e-15	2.0540367061729956	-0.10939090883916561	-2.831822618901004
0.0	0.0	-6.429963731782511e-15	2.100018235966197	0.665800032643715	-1.8518960728314715
0.0	0.0	3.6627803999803225e-18	-2.786835244321039	-0.42331151379596965	1.8396771414650503
0.0	0.0	2.666066897966128e-15	2.2721338395147797	-0.3628648439625618	-1.8930417432336313
0.0	0.0	-4.844435675968747e-16	-3.027774481066911	-0.043193444986668154	-2.499432327533631
0.0	0.0	8.718156026135936e-16	-2.6010097515003667	0.09065627902163007	1.6798781657891007
0.0	0.0	2.268845983342868e-16	-1.7212527355493155	2.448250743011972	-2.6469325263032912
0.0	0.0	-8.722044087704745e-17	-1.8348102739596808	-2.7906762559138127	0.1672113990368586
0.0	0.0	1.0641154883021913e-15	-2.2973834742451005	-1.1098628432041937	2.601116992258203
0.0	0.0	-2.1381701030595337e-15	2.58497877373814	-0.33279027811211104	-2.3621177841949508
0.0	0.0	-1.2377460336202286e-14	-2.3933657997391453	0.041246816811584375	2.3897108516928274
0.0	0.0	8.029827971911817e-16	-1.7678574452918987	-2.1377063900596394	2.1797188062608415
0.0	0.0	-7.554069414861034e-17	-1.7077897012281698	-0.1795018693926667	2.605533792608635
0.0	0.0	2.656628641780588e-15	-2.5727749140956737	-0.5049501763844076	2.4443515788425074
0.0	0.0	2.8008025258823024e-14	-2.329915444817043	1.2960563277519368	2.8263295317046873
0.0	0.0	-9.448515121095644e-16	-2.7379917073579683	0.03271439366207358	2.0169852037948424
0.0	0.0	-3.734047749408604e-16	-2.7218912789597236	-2.423365942029459	0.6942990313860973
0.0	0.0	7.647106438362233e-16	-2.149876712642146	0.405415465475149	1.8577170972714248
0.0	0.0	3.046185142157681e-16	-2.547905732951869	-2.0972747137026615	1.2273521256055326
0.0	0.0	1.2609300549085758e-16	-0.6600602259074542	-1.9646650007689157	-2.489215242966883
0.0	0.0	6.495228229994109e-16	-2.5812711064512386	1.1911263885710268	2.827474325076085
0.0	0.0	1.3097656488123626e-17	-2.3027027351043383	-1.6916720485432062	2.0596744381184413
0.0	0.0	1.55442076114918e-14	2.8838892728099697	-0.6365516396106572	-1.0103012202971868
0.0	0.0	-2.1853189137599677e-16	-2.1682383739858953	0.2609831536971406	2.448532599435338
0.0	0.0	4.861493977003904e-16	-1.7624893019618586	0.6956946628936399	2.5017847885112308
0.0	0.0	2.710089326284306e-15	-2.302804585905847	-0.20294971772698092	2.1514125122434296
0.0	0.0	-1.1212072365286902e-15	-2.7022186761002525	-1.3676991412129849	2.4737091578355237
0.0	0.0	-1.0066855513945136e-15	-1.8649334037439518	-0.7074731752625903	2.547152562303831
0.0	0.0	1.5683022756298079e-15	-2.8189697790433588	-0.1967086449790122	2.6058046850303804
0.0	0.0	-3.137549902332162e-16	-2.748536959542112	-2.6014440952510127	0.1925794978278847
0.0	0.0	1.2899279746621242e-15	-2.969904637063116	0.12876831407225936	-1.8784614159146278
0.0	0.0	1.1031778851811237e-15	2.1450141482001754	-1.2460529714802102	-1.80323156679178
0.0	0.0	6.165143494748974e-16	1.9628876497374508	0.1410084186330536	-2.7475514061750705
0.0	0.0	-2.2942277430676144e-16	-2.0672937705190915	-2.6889181806857607	0.9152333879823336
0.0	0.0	3.5627306254308804e-16	-1.7113428252925393	2.803755677060377	-2.2577150826162073
0.0	0.0	7.571484819795877e-16	2.139400002593935	-0.6521581150957382	-2.9114624640058087
0.0	0.0	-5.908032759174343e-16	-2.4810177462585794	1.0068000923177027	1.8721774749790967
0.0	0.0	-1.6980063926222977e-16	-1.7105849549499137	2.2414686996257758	1.4420297989708588
0.0	0.0	-1.6934504132831036e-16	2.8906417160266056	-0.9872378098221384	-0.7295534750939012
0.0	0.0	1.0461115042868529e-16	-2.6669321948397937	-2.421117603491932	2.231643807768469
0.0	0.0	-1.0030108911207048e-15	-2.169679567459905	0.4216446321633631	2.6354261698883343
0.0	0.0	7.057594389339352e-15	1.9328028410490505	-0.5505379794136284	-2.4517333330232227
0.0	0.0	8.997250242298874e-19	2.582996367020011	-1.1314118447682986	-0.775139243533209
0.0	0.0	-1.6103511653771816e-15	-2.552668329384372	-1.5931738322897633	1.7120962977413372
0.0	0.0	1.4801701693030462e-15	-2.5335371341543844	-0.9156761035615583	2.2435465606814433
0.0	0.0	-1.0165276214539162e-16	-1.631246492596805	-0.4300341228025479	2.6912979403725594
0.0	0.0	-4.450647459273077e-16	-3.010946656402268	1.3140202718371938	1.5086096402378004
0.0	0.0	-6.677334808275928e-16	1.9927986495995258	0.5232654201999755	-2.4907741078116543
0.0	0.0	-3.260074115446113e-16	-2.537614322795724	1.0090248606065348	2.943513366856256
0.0	0.0	3.7687916044243745e-16	2.9275871258876123	0.9721760553824639	1.7396417290742772
0.0	0.0	1.4755526536292694e-18	0.9367095542967583	-0.033639804640098234	-1.8276546869539594
0.0	0.0	-6.820223009279148e-16	-2.480645374429086	0.04716352574331	-1.1300468379896778
0.0	0.0	1.2441808322057224e-14	2.7762742541157936	0.0039383309901620915	-1.8483829176277329
0.0	0.0	7.403508346453334e-17	-3.105712406560047	0.05890177347348769	-0.8898518763831866
0.0	0.0	8.459662563538587e-16	1.3148712464114372	0.25581225315067946	-2.3348437336881824
0.0	0.0	-9.959826840231784e-16	2.773008223688641	-1.3510447993528811	0.9723665676061906
0.0	0.0	-1.077503486343093e-15	2.363627470705043	0.4681158370813379	-0.8385105841303604
0.0	0.0	1.6409927542282637e-16	-2.158913764645776	1.3042768803004998	2.3591739671713037
0.0	0.0	1.5731982499124123e-15	2.3603571520903275	-0.5159418219771453	-2.4725171180317242
0.0	0.0	9.399143796020837e-16	2.658583179370108	0.0830996603872858	-2.05459466137229
0.0	0.0	-7.901366655075848e-17	-2.0532827635465702	1.4798004973283778	1.8533204518064665
0.0	0.0	1.6433179085285145e-16	-2.161644273925754	2.883142168448231	-2.4821824778447756
0.0	0.0	3.4388472523146216e-16	-2.8012263176962335	-1.537984245713197	1.7206955518352522
0.0	0.0	9.280895581118164e-16	-2.55857124313398	-1.32259625205316	2.541996860688962
0.0	0.0	4.3466971733173027e-16	-2.9751145820201614	-0.6697362200117429	-0.7938947858711396
0.0	0.0	-9.578631989505763e-16	2.8998577389620186	0.0923912033314237	0.6430582529379525
0.0	0.0	-9.500401972032699e-16	2.998390479673765	-1.1819073947342669	-1.1223498689969444
0.0	0.0	-1.2513489589974135e-16	1.0671353184156747	0.9265762835158966	3.0708483564804743
0.0	0.0	-2.843013932908745e-16	-1.6425350101997829	-0.14066498065200964	-2.6897711449259343
0.0	0.0	4.796519494333603e-16	-1.9484360368380074	-2.3894654883428825	0.6799991163842114
0.0	0.0	2.6743379792027976e-14	2.7237630982900596	0.421772780720048	-1.1688608022530644
0.0	0.0	2.270542376532427e-16	-1.7602295525141027	0.06139821467923848	2.8089560167649195
0.0	0.0	1.9911640723079284e-15	1.6567900889199096	1.4162933809802816	-2.3589515018652762
0.0	0.0	-5.823832133001997e-16	2.5811580954399154	-0.5796166137448946	-2.95884584984279
0.0	0.0	-2.068183787940476e-16	2.487799039973045	-0.5465165298726424	-1.915303294220517
0.0	0.0	8.219783888045337e-18	-1.5485532690075594	1.6471982896653894	1.2615157839077622
0.0	0.0	8.064621107290665e-16	-2.761016690793629	-0.6138858623497851	1.764678578158696
0.0	0.0	6.227637731989254e-16	2.6124256543142272	-1.71200277417632	0.07305766822718915
0.0	0.0	-9.051200187969483e-16	2.526037544327558	0.778305395408843	-2.3186946634228245
0.0	0.0	3.822417526231094e-16	2.8026662397840343	-0.49156126567071107	1.7611573660784003
0.0	0.0	-7.463385579354177e-16	-1.9815365355171446	-0.39676203522233805	2.6448540620432235
0.0	0.0	-9.72530667383376e-16	2.6777403913485314	2.41162810912944	-1.1201685682154103
0.0	0.0	-6.443018926836914e-15	2.354426448252253	-2.375305482848576	-1.2859289540054277
0.0	0.0	6.932813655055315e-16	-2.068344330163863	-2.0245680782890965	2.057005115164713
0.0	0.0	-3.009422737250308e-15	2.9663010758263124	-0.8781762442464249	-2.4701506617091686
0.0	0.0	-3.3189238621239965e-16	-1.828811481265907	1.6347868485605257	2.5205876355338996
0.0	0.0	1.0819235271990935e-14	1.8164641496273264	1.2874382970015856	-2.9255291294925883
0.0	0.0	-5.262992746511689e-16	2.642573022650238	-0.0870492175024265	-2.050875119216725
0.0	0.0	3.219596409217219e-16	-2.260960812282468	-1.678757406366672	1.663395461070531
0.0	0.0	2.374566016889474e-16	-1.8162784941808896	2.1846759542784158	2.96428819384666
0.0	0.0	5.601801361505325e-16	1.78158256448127	-0.02051292284437546	-2.088435611767186
0.0	0.0	-1.0852971673566153e-15	2.87169754620491	-1.3829893128515403	0.1394779781426294
0.0	0.0	4.518462471131039e-17	-2.05227963762154	0.9077047539091405	2.8795298086182606
0.0	0.0	-7.915708254570944e-16	2.227933968224133	-0.18725218889529904	-1.9846461669803812
0.0	0.0	1.811261469211013e-15	2.2758429638053643	3.134387794037053	-1.0196486359484513
0.0	0.0	3.0766189328123766e-16	-2.4150275384309805	-1.4908091233730227	2.6279059794683977
0.0	0.0	8.279099878834466e-16	-2.9081230038229124	0.0042045737487470015	-1.0100815191773345
0.0	0.0	2.979898371340595e-16	-2.2352321968697932	-0.784032854171564	2.8354700816454947
0.0	0.0	-1.746072681916695e-18	-2.287361269048027	-0.5918092180311275	2.6196981994400397
0.0	0.0	1.4686750823859892e-15	2.526897933720014	0.6113833027022574	-0.2800436653771694
0.0	0.0	-4.884468343372718e-15	1.7189057644477872	-0.7464134570493383	-3.1164795676507584
0.0	0.0	-8.003058229145284e-16	-3.021952949287762	0.5687562187740499	0.8338133526323608
0.0	0.0	2.664535929236386e-16	2.9276696539757454	-2.038454695912122	0.4256728184296241
0.0	0.0	8.501401812897668e-16	2.185277482093717	-0.14914500022147056	-2.119304166344448
0.0	0.0	8.230078801051477e-16	1.8766997062226283	0.5253135080943641	-1.568949631967385
0.0	0.0	1.354320352753837e-16	3.131526515057571	1.5032829354747537	-2.9373953256084557
0.0	0.0	-7.9132616575977e-16	-3.0250063987292672	-0.016225445972351617	0.8690236460771411
0.0	0.0	-7.240785208423143e-16	1.952554446147328	1.2989735875384965	-0.9807200354032588
0.0	0.0	-5.971568436122964e-17	2.9225768937484706	2.128328194099806	0.09534278975329008
0.0	0.0	-2.4237393770062972e-16	-2.601233782756175	-1.04642214126478	2.1610801343947106
0.0	0.0	-1.0849269434345255e-15	2.0900147982652397	1.0660258096254553	-2.1655026370296557
0.0	0.0	-6.775500581972127e-17	2.303699626595976	-0.2303661245227941	-1.8515372837651283
0.0	0.0	6.228564518307495e-16	3.099763898915201	0.8382584956965826	1.098929890116973
0.0	0.0	-1.990338078395563e-16	-2.0390601074480372	-0.1890781913822641	1.7510473358152292
0.0	0.0	4.630632969857732e-16	-2.944776132403277	0.9833375846715952	1.7809307940647874
0.0	0.0	7.895757318576732e-16	2.685132291216509	1.6910667049637593	1.0904345315187993
0.0	0.0	-2.1504058534617655e-16	2.291309611879819	-0.40621751775971293	-2.4593643500020765
0.0	0.0	-7.039430001503602e-16	-2.030387939040704	-0.7895093892119825	2.5029053865431368
0.0	0.0	-1.4409134881155836e-15	2.7548095820890737	0.02398667521663275	-2.0272929905911603
0.0	0.0	1.551084391708395e-16	2.8308771931233454	-2.4650742851843153	1.1090590297123943
0.0	0.0	1.846047845656579e-15	1.9946905685767735	0.5466230135172648	-1.8105389750058691
0.0	0.0	4.834881142064144e-16	3.1073896575963205	-2.881043720352922	3.0054077885656407
0.0	0.0	-5.758272383505613e-16	-3.0044833616330773	-1.443972211539518	-1.6010327259986514
0.0	0.0	-1.8862355137869876e-16	-1.1100278258859095	-1.1835734517118628	2.589651295550769
0.0	0.0	-7.176323399740642e-17	3.059258192835808	-1.3791542303616973	2.2377370548841204
0.0	0.0	1.478325322383351e-16	-1.6940916955218217	-0.8591576075731089	2.923652527058777
0.0	0.0	1.2508958387658447e-16	-2.5262123720340695	-0.7067669132692069	1.3684984518737744
0.0	0.0	-1.386198183265023e-16	-2.869197921231995	-1.1332903996785946	1.8261701439457507
0.0	0.0	2.3609460350145445e-16	-2.1436320714080104	-1.1275416364457584	2.970342633573998
0.0	0.0	-3.1966555789497167e-15	-3.0548501153575445	-0.7074501063981199	-1.0224622259165805
0.0	0.0	4.037566220019749e-16	-0.8159648475155041	1.3290449364234356	2.6631353958396575
0.0	0.0	-1.5155311419427335e-16	-1.8780041987439748	-2.336771506413587	1.6962879734404102
0.0	0.0	5.198919619807589e-16	-3.0569383117027407	0.45672644841901144	2.1416137817522447
0.0	0.0	1.701132849427546e-15	2.01483773656388	-0.23407529655882128	-2.294239278410362
0.0	0.0	2.2522956341225034e-15	-2.5192397734435676	-0.3486337915741326	1.9591588665720998
0.0	0.0	1.6677107486467086e-16	-2.7628277874036953	-1.1579028745433562	-0.4412366464304984
0.0	0.0	-5.37563392061937e-16	-1.743950146317549	-0.1344389268265859	2.555370088926008
0.0	0.0	1.2057092880463676e-15	2.972398956528732	0.14246930839474878	-1.4539296479078763
0.0	0.0	-1.112450315435669e-16	1.1526443952970968	0.5755645593549134	-2.303562397334742
0.0	0.0	-9.797596922412804e-18	2.3728209986475792	1.1438775937705927	-2.32857323018487
0.0	0.0	7.51140801723208e-16	2.3810664233728662	1.648243816681361	-0.9379330084993596
0.0	0.0	-3.895055794233272e-15	1.8036146941630893	0.668947294377419	1.7763011577914378
0.0	0.0	4.9228907824908055e-17	-2.9817786230746575	-0.04438122561679059	-1.183377091954104
0.0	0.0	7.163240134688597e-16	-2.7569629722032905	0.996244476618771	2.1746644674769002
0.0	0.0	1.7036045362528423e-16	2.1213252105475533	1.4399155077443824	-1.796391797425672
0.0	0.0	1.9404277503696884e-14	2.4915935995083873	-1.817059473746062	-2.0413755622324095
0.0	0.0	1.4078699427628598e-15	3.0623300099022375	1.3662775702285956	1.141255201138555
0.0	0.0	-1.0977359330063963e-15	-2.5883403312789066	0.799605011554791	1.6476280053144465
0.0	0.0	-4.5697220410412085e-16	-3.07475435124499	-0.8979354572055747	-0.5310292406770234
0.0	0.0	2.715837008443928e-15	2.379009648047175	0.1944866459460845	-2.295877567020864
0.0	0.0	-6.841432095765122e-15	-2.4701769563191216	-1.4166530620958044	3.1330552066838178
0.0	0.0	9.5973822656541e-17	2.6127644645947745	0.4791014364171965	-2.0200944334438873
0.0	0.0	-5.853188892784477e-16	-2.162610256826227	0.7132813056772376	1.9982714601143536
0.0	0.0	1.180783869481477e-16	-1.845972425720655	-0.47600921847841854	2.5204467893014755
0.0	0.0	1.4153954154418735e-15	-2.4711321660097423	-0.26137114289719776	2.1504308381498083
0.0	0.0	2.0011308280855826e-16	-2.4511470228015697	-1.217241057119378	2.331514463870024
0.0	0.0	1.8104586424253153e-16	3.025150263612895	-2.425687302779998	0.31891254731745505
0.0	0.0	1.6146432357584786e-17	-2.1703903847815127	1.76351619417661	-1.6222966949035076
0.0	0.0	3.2170576927445344e-16	-2.237187947967046	0.24020030396655637	1.9402802085784927
0.0	0.0	1.3779720847062826e-16	-2.6743281383173603	1.12594394056466	2.066019772782611
0.0	0.0	-1.3090434311490554e-15	2.5866644843246682	-0.34050372788591315	-2.1967215988569873
0.0	0.0	-4.3138279522144766e-16	2.2583184580824636	-0.8212293947143794	-2.46980774251723
0.0	0.0	-1.2372710586669585e-15	-2.228493235840082	-0.9827410481124575	2.383695836036494
0.0	0.0	-4.38749299754741e-15	2.3403330707395744	-0.6646673806792767	-2.3544935477424755
0.0	0.0	-1.9805775453902868e-16	2.5338512943639766	0.03968776540243601	-1.8172683888516197
0.0	0.0	5.671892493442795e-16	-2.5864041502102877	0.3135504819902437	1.5607662230016812
0.0	0.0	-7.291809671623121e-17	-2.1488886195263825	0.31530543837182895	1.6043243424193092
0.0	0.0	8.238766783945131e-16	-2.041755953366768	0.452158378522022	2.616601798102263
0.0	0.0	2.8541170544617896e-16	-2.3887959475336107	0.08277644164004894	1.660443024919151
0.0	0.0	3.8238078449315534e-15	2.386595558632372	-0.6706175968800052	-0.9004926450883026
0.0	0.0	2.613316650132753e-16	-2.7842698979186626	0.7127124704373647	0.817520250946769
0.0	0.0	-1.897829270501271e-15	2.418986062601739	-0.4880387671940634	-1.7618365150469266
0.0	0.0	4.355305698035955e-16	-2.333887907762924	2.060918341608544	2.904660591139982
0.0	0.0	1.8646912376840902e-16	-1.3594953479964538	-0.9658532592959076	-1.4129020036815971
0.0	0.0	-6.579987290210233e-16	-2.5288778909302843	-0.017848496007610203	2.106599927193291
0.0	0.0	-1.4700826738176352e-16	-2.3904893812303896	-1.5371637222306713	2.5292750985753205
0.0	0.0	-3.838652042570984e-15	2.427220188496587	-0.5514541529842142	-2.2122074551554753
0.0	0.0	-3.2177151394007484e-15	-2.3067609279020416	-0.48599502314059395	2.3919541094575094
0.0	0.0	-1.0455688448530409e-15	-2.519665525144161	0.2739154618883446	1.1963563884121218
0.0	0.0	7.525992625254227e-16	2.903087151297127	-0.0802265364773711	-2.3819545233821833
0.0	0.0	3.748455549455944e-16	3.072698391161239	-1.6740063905257438	1.3060647045318894
0.0	0.0	4.7903385159982415e-17	-1.7242409987475646	0.7220756347780576	2.5951136964186365
0.0	0.0	1.3686301215720574e-16	-2.4936426948935564	-1.479147112513425	0.8140857824383112
0.0	0.0	3.1935185553753192e-15	0.8594546282880726	1.7195786186540762	-1.2287954549328948
0.0	0.0	-6.304111623981769e-16	-2.2011104200889147	-2.78616394894004	-0.6680809221395609
0.0	0.0	-8.982031410305984e-16	-1.9649469641519595	-1.077868400846165	1.1754985921571028
0.0	0.0	1.130566829914033e-15	-3.1404359575288288	-1.401796751337058	2.127549523615574
0.0	0.0	1.1567203435687966e-15	2.3837042203681627	0.9489094420523714	-2.037460806200909
0.0	0.0	-2.385125828270821e-15	1.9218791688869539	0.9016932394368712	-2.0615138295855022
0.0	0.0	-1.2380189782682393e-16	-2.1206610102423253	-2.0863551875919213	0.2238809586661604
0.0	0.0	3.073778063970407e-15	2.6893913646947087	-0.45787245306619917	-0.672092572983173
0.0	0.0	5.470372972000964e-16	2.7386832819446947	1.0262196533192693	1.587516385660721
0.0	0.0	4.4432576426809533e-17	-0.9234338800942918	0.5725915249081062	-1.1976685118029984
0.0	0.0	5.444383841999261e-16	-2.7015579252344377	-1.4387618192857	0.5987702362097695
0.0	0.0	4.946062864522006e-16	-2.667538029477413	0.15447286374879693	1.6025582427869776
0.0	0.0	8.407020593627172e-15	2.4784512913382684	-0.15775145701218438	-1.5728477980202342
0.0	0.0	-1.7880779359107483e-14	2.4800302091584707	0.6588487717263313	-2.9760228191638087
0.0	0.0	-1.0820085876510158e-15	-1.8321582907871248	0.4877654952979333	-2.947631241577847
0.0	0.0	-3.9831037782142245e-16	-2.8488590927704722	1.6831917414689554	1.1937518011691979
0.0	0.0	2.0859522375388174e-15	2.699719248350788	-0.5375744358732961	-2.213291707156901
0.0	0.0	-3.701747770370319e-16	2.6688487408895845	-0.08544332603396561	-1.9023364989604898
0.0	0.0	-6.13175358708012e-16	3.105301947561426	0.2648656635189195	1.621893298416599
0.0	0.0	5.136607074122805e-15	-3.116385287161393	-1.1310039987451148	2.202489844823744
0.0	0.0	-6.958902282772669e-16	2.405197446108203	-0.9769950367351755	-1.0810497878963918
0.0	0.0	-6.834778669947873e-15	-3.0776253466042616	2.1616160006871143	-0.29358349421151875
0.0	0.0	-1.3671428943266938e-15	-2.98166204922959	0.6495147064706398	2.483875798199733
0.0	0.0	-2.4500664642082105e-16	-1.6876316674467216	2.6517942534941707	1.3312572867467405
0.0	0.0	1.807661560153812e-16	-3.0990082833222625	1.300576615651747	-0.19039474872182538
0.0	0.0	-3.1766569051748396e-16	-2.194595719847399	1.4790411577137972	1.7611465398102537
0.0	0.0	-1.0343122870238105e-16	-1.2725945795892741	-5.441151964653837	-1.5030167280748046
0.0	0.0	-1.2783447257502068e-15	2.489863219466364	1.53595921398396	2.940774300516466
0.0	0.0	3.1353550005912866e-17	-1.5876764517369395	0.4591188617822841	2.0305523426722445
0.0	0.0	-1.5914711018558903e-15	-2.7526705081792846	0.6570921086361257	1.6041549789119909
0.0	0.0	-2.299117367928003e-15	1.8927973680857075	0.9907504522089534	-1.5185050341911133
0.0	0.0	2.1142616444154038e-16	2.9554145986766702	2.407504143162927	2.2309493503381783
0.0	0.0	7.035051731613127e-17	-2.680321945837927	-2.4824453149338344	2.4236887266380176
0.0	0.0	2.158514926392412e-15	2.4380403253157037	0.733975545652367	-2.0923705504984795
0.0	0.0	4.608553320990821e-16	1.8365985476072515	0.29347233295443653	-2.6150757611387245
0.0	0.0	-3.1207536799952e-16	2.982778805454533	-0.39079101968677704	1.1539807731357188
0.0	0.0	1.4397817782473236e-15	-2.188272773838765	0.37251401090459224	2.9138563809439497
0.0	0.0	4.250726034032337e-16	2.493892570543236	0.3813642177439097	-1.2556588685501229
0.0	0.0	1.8182903878284033e-15	2.5664534547299853	1.395569945611604	-2.9340435848708215
0.0	0.0	4.494342318309023e-16	-2.1750916946055607	2.0440288819230887	3.0005805900891707
0.0	0.0	-1.0292536144798553e-15	3.134863235202197	-1.6729323683621622	2.8453319607771883
0.0	0.0	-3.711667544664651e-14	3.0860285609464584	1.028323681256286	1.4137382035708494
0.0	0.0	-5.249925623772746e-16	-1.9222916432019357	-0.8353347421192104	1.8378174117512858
0.0	0.0	-4.3251124538450455e-15	-2.4708264349371043	-0.19016909445197533	2.232919431233316
0.0	0.0	1.614289374962079e-15	2.012197449221664	-1.9795775981630752	0.9163354683492883
0.0	0.0	-1.7620716412608074e-15	2.824645311104653	-0.7112802163828742	-1.931621699154193
0.0	0.0	-5.623423697130735e-17	-2.371440067716239	0.4842240561625714	-2.2395348712322978
0.0	0.0	-3.457739980778466e-16	-1.0625594684181205	-0.43909895365160323	2.5797491701101127
0.0	0.0	2.7664122874780516e-16	2.559784277915615	0.25910447527020986	-1.7781405666009507
0.0	0.0	4.78764434343702e-16	-1.8120825350496599	1.0253746400526293	-1.281817502353526
0.0	0.0	4.468756464949814e-17	-1.210185545323113	1.9034241118910236	2.326524401323328
0.0	0.0	-1.0873878000784452e-15	-2.1168106620158547	-1.7922386429748542	1.7284876829473366
0.0	0.0	-4.826383444747207e-16	2.6882596216499115	-2.192419596281232	1.0850864759022851
0.0	0.0	-9.309813258526623e-16	-2.5131001301380733	-1.3712679380151351	2.455505196267531
0.0	0.0	-1.4127240492032563e-17	-2.038190289456862	-1.6683543487225843	-2.647034641308542
0.0	0.0	4.0493928018259176e-15	2.1879258865507776	-0.0088990364210912	-1.852436462283059
0.0	0.0	3.012718088869109e-15	-2.6022394261835324	-0.8578465848002047	2.100756880352579
0.0	0.0	2.183736340780096e-15	-2.1405345715790247	-0.3857868760983563	2.305153903160323
0.0	0.0	-3.42049975559683e-15	-2.7460808211421965	0.47994565625195795	2.04809585248393
0.0	0.0	2.179308559063475e-15	-2.4602350988618955	1.2911600211294778	2.8956026697034276
0.0	0.0	3.8498518249677844e-17	1.3906306648275972	-0.649098197454843	-1.6756641195567434
0.0	0.0	6.42493938412749e-16	-2.676425293297013	-0.8769212544725198	2.6405599814077547
0.0	0.0	2.5412998519553224e-16	-3.00573535721976	-2.6140522212366997	0.1539910987962466
0.0	0.0	-2.091365551655849e-15	2.8314634106618497	0.9064384346046108	-2.105692283724415
0.0	0.0	-9.015053405471156e-16	-2.33113118441616	-0.0492313379259891	2.2137260404511405
0.0	0.0	-6.6858839907544e-18	-1.8365940325395815	-2.070328872534902	0.842080049088186
0.0	0.0	2.323058249750393e-16	-2.2673009985963573	0.7108033332458789	0.929769041770502
0.0	0.0	6.946527241008679e-16	-2.5456511337669583	0.46636060147929176	1.390797660312913
0.0	0.0	9.58731211757279e-16	2.4396799452344515	0.5018783978978972	-1.7576458089479914
0.0	0.0	-9.300494858643694e-17	-1.2444702877489684	0.48619598850643675	1.793568835661195
0.0	0.0	-2.4208943971698493e-15	2.472333626642123	0.5630522458604516	-1.9799688327267937
0.0	0.0	-5.067081568696843e-17	-2.7222074371068783	-0.18314170509278	1.5629841687563824
0.0	0.0	1.297026608731325e-15	-3.000502464418251	-1.2429857256068302	1.9495233194098147
0.0	0.0	2.042345324267775e-16	-2.144755622564025	1.0822736418944663	1.8020487869506514
0.0	0.0	-2.1016987413211263e-15	-1.8386689382539751	1.532218205673991	-2.405838725108134
0.0	0.0	-5.095043294659859e-16	-2.368193659847311	-1.7838231164643745	1.5785874214423439
0.0	0.0	2.7060833682152433e-16	-1.5215551967654672	3.135482418897337	2.0887208722861743
0.0	0.0	7.633749721521457e-16	-2.9674412918581896	-0.12074892411877323	-1.333921539566945
0.0	0.0	7.849767166138423e-16	2.3689904789134966	0.24039498888123184	-2.067388451579623
0.0	0.0	-2.727801176633027e-15	-3.1389011172582357	0.7436952705566724	1.5992719390949865
0.0	0.0	1.1813474149951334e-16	-2.2680854314405803	-1.247553251006423	2.041256006831898
0.0	0.0	6.699299553302963e-16	-2.6013874601913876	0.8606468253042494	2.3461996828479816
0.0	0.0	4.932900972526256e-16	2.9852335992244803	1.3200285640262817	1.9608930486478116
0.0	0.0	-1.7722987762127838e-15	-2.361147463352512	0.0332810003795433	1.6933674928137759
0.0	0.0	-1.0925876288389367e-15	2.246651902064623	0.4693886020958212	-2.621287041571665
0.0	0.0	-3.3605139584009767e-16	-2.2909403140250073	-1.298505656995273	1.632764585779675
0.0	0.0	-1.1376837543831361e-15	-2.4307341168050445	0.0813514374249656	1.9605086388606505
0.0	0.0	-6.111351083765197e-16	-3.0471532493460187	-0.11941862831418155	2.690763479872615
0.0	0.0	-2.215264338903884e-16	-2.430097410806818	0.7867003835555197	2.237802472818591
0.0	0.0	-3.4699465212645937e-17	3.0759231924965658	0.26889262556117377	-2.7842265440180722
0.0	0.0	2.623125713715526e-15	3.0320343181478537	-0.06306480835609246	2.5863766127418137
0.0	0.0	3.793239298007836e-17	-2.165294359094162	-0.1401989251378258	2.4487146358744583
0.0	0.0	1.055609067398744e-13	2.2001714245433783	-0.3765849021720737	-2.1268889055143543
0.0	0.0	4.485928683770429e-16	-2.560348205640202	-0.762060631175799	2.1463401295559494
0.0	0.0	2.4241169210884322e-15	2.064014533271518	-2.1318968409729484	-0.6139214172885348
0.0	0.0	-1.4338856004205695e-17	-2.7615935813952133	1.6599187421043538	2.3679072031926296
0.0	0.0	1.790211278772218e-16	-1.9140948981638815	-0.27063792159569633	1.439840809841991
0.0	0.0	1.7204228871601422e-14	2.169480781074193	0.3779646937554999	-2.2525117746418797
0.0	0.0	6.583195431933246e-16	-2.2893565636442483	-2.636215344246323	1.2316050470184183
0.0	0.0	4.40065433383236e-15	1.9155792131047091	1.06435139389205	-1.5560658670249312
0.0	0.0	7.863986264361392e-16	2.7843324932851523	-0.5901812987990706	-0.16520445063266997
0.0	0.0	1.6052696499911097e-15	2.6923993740829055	-0.44933791017821584	-1.960452047131394
0.0	0.0	-7.850599225234315e-16	2.549634987068178	-1.6670366005770831	-3.015084583919065
0.0	0.0	-1.0809370659523693e-16	-2.5904893561074522	-0.11777107186745195	1.7293163217344572
0.0	0.0	2.540136262443096e-16	-2.8106930246250657	-1.434973955234411	1.6648673504430738
0.0	0.0	4.99189668634539e-16	-2.8088083171090545	-1.9149457448509706	0.10329433398382203
0.0	0.0	1.3970146091947854e-15	2.3762171934943717	-1.7270240804685104	-1.7097927535075401
0.0	0.0	1.0878424137425359e-15	-2.578979801903264	-0.5096128819737457	2.0890127902316475
0.0	0.0	-1.3742738133804357e-15	-2.4823663981622452	-0.5448161215891594	2.1427423396389695
0.0	0.0	2.22530146577683e-15	-1.147484805766072	-0.10488851274126845	2.7865588689858907
0.0	0.0	-7.754712741213822e-17	-2.5550945208614104	-1.1333200864771709	2.3775416742576865
0.0	0.0	5.400925118127748e-16	-3.074895280029711	1.8105814962518678	3.0816178340278264
0.0	0.0	1.9597087360651663e-16	2.7928568496796333	0.22719695492068487	-1.7404937633268807
0.0	0.0	-2.8831227900087397e-16	-2.5367735280322132	0.557823673107973	1.7038878325011098
0.0	0.0	-2.678180718909257e-15	2.2775764613630107	0.3649221633192212	-2.381195256212186
0.0	0.0	4.2789076830362586e-16	-2.477455547510792	0.8154769744086402	1.834635472625597
0.0	0.0	1.2795729729714428e-16	3.040690088938856	1.829747574111773	-0.2738413479390607
0.0	0.0	2.9520035364851533e-15	-2.7381264966169843	0.46065787063542035	-1.2116797176591838
0.0	0.0	-1.3132765103357492e-15	2.300542961299153	-0.9099167788361576	-1.6982046615297666
0.0	0.0	-6.328266843671765e-16	2.3862322704057277	-1.8876477260639042	-0.9459469095688045
0.0	0.0	-4.59288271952715e-16	-2.3580866885373406	-1.2250807955935985	2.088677407827201
0.0	0.0	1.3066028817880462e-15	-2.4355607734154368	0.6441121162828064	2.498901104829334
0.0	0.0	7.932780935015876e-16	1.6955504228737306	0.5129608371778852	-2.3223143351548607
0.0	0.0	-4.486411713987595e-16	-2.69666940560926	-0.2954991065877299	-1.5620393449701755
0.0	0.0	5.299080089463313e-16	-2.041763888375441	-1.6822211180196105	2.201244377432422
0.0	0.0	-8.114526523047362e-16	2.3830595617015002	0.12722387294186469	-0.5957861544872225
0.0	0.0	2.8117572117857135e-17	3.1224310378494	-2.1658827684474624	-3.0015783159598484
0.0	0.0	-4.058727849203529e-16	2.403569002633478	0.5283058798980363	-2.5138055484641533
0.0	0.0	1.3443615478170528e-15	2.9206992033421293	-0.28071664096477866	-1.7906946598852223
0.0	0.0	-1.0945079245008554e-15	0.8281698692464357	0.09869177996680012	-2.5194692000975096
0.0	0.0	-2.891477876159237e-15	-2.965346771121381	0.2431508856980423	-2.2675670255108793
0.0	0.0	8.955309710888442e-16	2.9520300936854746	-0.3508392595114556	-1.0518632564580122
0.0	0.0	6.827901372472701e-16	-3.1289124214413544	-0.40255762526353184	-1.9966929450601425
0.0	0.0	1.2189059955888652e-17	1.8918701050533482	0.3999672686236633	1.771850976749871
0.0	0.0	2.1199265749460012e-15	2.3797500032966075	-0.09372902961554097	-1.7989525633010253
0.0	0.0	-4.831876771566034e-15	-1.6549277642015072	1.5056584226667071	2.406621745095404
0.0	0.0	-6.535746891087205e-16	-2.2437946701291533	0.8944194611552772	1.814013260565287
0.0	0.0	2.3253274053519096e-15	-3.1003157114056945	0.3741349883280403	2.1013186551438263
0.0	0.0	1.380206985089204e-15	-2.3494914154344126	-0.6503580261507238	2.2416860145999955
0.0	0.0	1.0131158928067775e-15	-2.2413088006047026	0.39688578029185717	2.265164606896657
0.0	0.0	7.019242696252859e-16	3.0655355413408616	-0.5434762101288463	-0.785741209065673
0.0	0.0	8.127933773160317e-16	-2.821711394349181	-1.4168940622845445	2.196156854725853
0.0	0.0	-2.0825128356188247e-14	2.115509055057789	-0.051749515498054344	-2.39279389679632
0.0	0.0	3.934896151344421e-15	-2.4041605920154336	-1.1353841841786847	2.8921079745437015
0.0	0.0	1.1557135515058583e-17	-2.5135249841288627	0.7693802786934445	1.0089512178463327
0.0	0.0	-4.4074145588744207e-16	-1.179076007785758	1.2675066370407835	1.8724255272172314
0.0	0.0	7.763099849876594e-16	-2.2466282159791007	1.6409783724261267	1.9690952044589258
0.0	0.0	3.021493242912071e-16	1.9013401527725984	-1.0947192432794173	-2.855014730819044
0.0	0.0	8.819625155160712e-16	-2.182776981556522	-1.4988853642102062	1.9325811826840384
0.0	0.0	-3.2699754637754405e-15	-2.8995883775388807	-0.6031347889055836	1.03417412983848
0.0	0.0	3.5426709390920137e-16	2.652990790311241	-1.837574167171804	-0.770973741533945
0.0	0.0	-9.364166463544901e-17	2.3703481856808293	0.1772059141937402	-2.0681938534364033
0.0	0.0	-5.57984216908509e-15	-2.2490163236259537	0.5333715391847553	2.6141299720872118
0.0	0.0	1.5420876754837526e-15	-2.401144742943457	-0.4365535921087449	2.8301948283855958
0.0	0.0	6.560547165058389e-17	-2.854263697901965	-0.8267537960961906	2.1364876249822773
0.0	0.0	-3.598012181089296e-15	-2.567187627805182	0.23792643115930434	2.044810961500304
0.0	0.0	7.74808108387573e-16	2.3443341070175387	0.17686878587450588	-2.3379614549252685
0.0	0.0	-2.9910519312754755e-16	2.9410544187791934	-0.1093310610509594	-1.7882960264493324
0.0	0.0	4.0959621753129483e-16	3.0534295744700675	-1.9564874686634148	1.8160565623298224
0.0	0.0	1.7988014995494973e-16	-2.7616683485788243	-1.954664418517496	0.9780768052475993
0.0	0.0	4.1731466406646597e-16	2.9127770531953603	-1.7599525893911965	0.02233478713179995
0.0	0.0	1.629432605684338e-15	-2.3783614507017217	0.09048537073139215	2.1537380192000146
0.0	0.0	-1.2270646744170117e-15	-1.4953702284504669	-0.3839327321113737	2.7560928404453118
0.0	0.0	-3.3198150637595993e-16	2.7281142484320964	0.54576452913399	-1.1514449894777057
0.0	0.0	6.713544172765035e-17	2.73262119856966	0.5260338556656073	-0.33520471236779326
0.0	0.0	-8.300462491594557e-16	1.3110055318314542	-0.7756785916577128	3.0870253286481755
0.0	0.0	5.726306596625484e-16	2.686299875530777	-0.12854095447926445	-1.7621061519905803
0.0	0.0	-1.622533255462027e-15	2.5317604947116616	0.5159674278921849	-2.087068903894484
0.0	0.0	-5.459003457214194e-16	-2.1816546210344567	-1.8375283151758253	1.7035226226196976
0.0	0.0	4.1355555245358054e-16	2.470689148364997	-0.4771682820385158	-2.348920088390708
0.0	0.0	6.546483862101208e-16	2.211197568678892	-0.17561130571166544	-2.4075093940016608
0.0	0.0	-3.2488655077400564e-16	-2.5769586554939137	0.5198727118849439	-2.486168190056215
0.0	0.0	-2.1332531845541795e-17	2.2590468522523706	0.5246770430661507	-2.5515759044800843
0.0	0.0	5.93373087341499e-17	3.128657728794512	-0.8149085447260589	1.996776722626259
0.0	0.0	-4.932301841406297e-15	2.2194473621142308	-0.24028737368898112	-2.3484411243822256
0.0	0.0	-2.34845042488399e-16	-2.0196353596649566	2.4450561035994136	0.8993713029996304
0.0	0.0	1.3752392140469868e-16	2.958546089410386	-2.253568508479323	-0.6656095068426229
0.0	0.0	1.6399128196241063e-15	2.652585437288661	-1.0405599989561776	-0.8098348743962074
0.0	0.0	-4.269728001483375e-16	-2.7579081207937293	-1.0019190568444136	1.7982901899307908
0.0	0.0	-1.4112870828497415e-15	-2.712976910068348	-0.3199575242636804	1.467932035257783
0.0	0.0	-3.37553587900219e-17	2.3323926900799488	-0.36484741184876207	-2.761530741504838
0.0	0.0	-1.168306844824043e-16	-1.349000222469444	2.3077227334660955	1.3840161408664537
0.0	0.0	-5.971691380314223e-16	1.6600010863896557	1.2136128763349017	-1.948703658474301
0.0	0.0	-2.5856591735741706e-17	-1.6184598231961145	0.540466147445358	2.143596370454671
0.0	0.0	-1.3563297950242808e-16	-1.2650063400773925	2.6047818439246786	-1.8833350169614516
0.0	0.0	-9.288741157131418e-16	-2.61704926973032	-0.688213492306777	1.9204301632932248
0.0	0.0	1.0374374567753711e-15	2.5905618889950297	-0.7853667735636001	-2.1662487639242407
0.0	0.0	1.9078716453841414e-15	1.3456460967631267	-0.17120298229058412	-2.996770092191727
0.0	0.0	-1.3653539075529757e-16	2.1484950274583836	-0.46152857284117377	3.000656254429072
0.0	0.0	-2.7575951625222957e-14	2.814614167441351	0.08579558897051721	-0.7439053583314221
0.0	0.0	1.174264271705954e-15	-2.699487743127018	-0.19981361559255553	-2.3456066167302714
0.0	0.0	4.441744155408492e-16	3.031608456138695	0.7981597722714763	1.5709162935977483
0.0	0.0	-1.755521227419617e-15	-3.1340205137626334	1.9841036043352327	-0.9256626564412862
0.0	0.0	-5.257885996756655e-16	-2.3205395312015265	1.434941041352516	2.546332531797185
0.0	0.0	-4.3815797920498595e-16	2.674670629519261	1.2449697496391576	0.02801825154097844
0.0	0.0	1.2651315332594534e-17	-1.988060737784437	-2.7591337361075974	-0.9496399120582133
0.0	0.0	-5.719025664114505e-17	-2.1658975004374055	2.1813857838682815	0.32268302533192667
0.0	0.0	-9.809982791241684e-17	-2.4275887617512564	0.2746185077200111	2.855263932635147
0.0	0.0	-3.7459588356763355e-15	2.593296837749086	-2.2785513571475624	-1.8979380997380186
0.0	0.0	9.79336264972381e-17	-1.9564887834654199	2.6726844215932717	-0.3199779802402656
0.0	0.0	-2.4988882342670017e-16	-2.4538179219534606	-1.757377318463398	-2.498336237233771
0.0	0.0	-9.25974101956796e-15	1.9303704814577296	-0.8568940092188437	-2.6374443925066657
0.0	0.0	4.911236986946229e-16	1.6369545757155324	1.245820275168739	-0.5076489258084633
0.0	0.0	1.0540098575028387e-15	-2.3775149421193973	0.17709158292593932	2.5330253173384953
0.0	0.0	1.2865368714603506e-16	-1.9025411371702319	-1.3761102594953991	2.270188003474713
0.0	0.0	-1.1302055414189e-15	2.3136181126484634	0.04430326654484753	1.8614439327990864
0.0	0.0	-1.326776209791906e-16	2.912497286463341	1.1189400513722312	-1.369331734474561
0.0	0.0	6.392404204809089e-15	2.9874393001456703	0.19111993299595556	-1.5641010875747838
0.0	0.0	-1.802460895384578e-16	2.9292692407795937	1.5738862760695744	-1.1788014990138658
0.0	0.0	-4.2313855080606663e-16	2.635094466747978	-0.05513944897167155	2.002368836977775
0.0	0.0	7.907416292870687e-16	-2.2355627060749157	-0.3943075345775864	2.865469356580364
0.0	0.0	-1.7213134971241915e-15	1.6108110975833556	0.08632298551165223	2.1471614351169066
0.0	0.0	4.466411108093992e-16	2.895209716423065	-1.5048297062617162	1.0740293996880517
0.0	0.0	1.7368559100639876e-16	-2.3469865724850236	1.0627857531834757	1.9350642858456235
0.0	0.0	-1.256090977455115e-15	3.0710763572004605	0.36731779711509055	-0.9174700163365106
0.0	0.0	7.007773379047226e-16	-2.749095039171436	-0.8994911708710103	1.0527767196918343
0.0	0.0	-4.884501826115393e-16	-2.684906933064906	-1.8362345204666415	0.9356213842765897
0.0	0.0	7.080402494174245e-17	2.9205140425001197	-0.03203756278723514	-1.1487370763776426
0.0	0.0	8.914802534724168e-16	-1.777498869911284	-1.446244413261034	1.1866559212041405
0.0	0.0	5.996767242937997e-17	-2.5284398512309916	0.8972030015297973	1.7902103946215155
0.0	0.0	1.16414680127255e-16	-1.7226448210237653	-2.0622032787866207	0.7632257351568476
0.0	0.0	-8.848852903678549e-17	-2.8649175410821166	0.3962508738353462	1.0838806134389176
0.0	0.0	2.584380291950183e-15	2.1186599503832086	-0.20995099817391868	-2.2158612350961366
0.0	0.0	4.5016182008634405e-16	2.624775720619191	0.796423388725969	-2.483622407437621
0.0	0.0	1.0789900296474754e-15	-3.040067502966505	0.020970823855980595	-1.3273783130184853
0.0	0.0	1.6670066511639357e-16	-2.9982024954472304	-1.3000135356916893	1.6452790406433775
0.0	0.0	4.192499614857381e-16	2.5301560747583944	-1.2972913575679785	1.4016509947753981
0.0	0.0	-6.643386934591585e-16	-2.4967472975056966	-1.1132622988833578	2.544913517762858
0.0	0.0	-5.253942814544878e-16	2.912677604121781	-0.3836474050170192	-1.4727644227831238
0.0	0.0	-2.043111653293184e-16	-2.2342346327854647	0.7915820073409549	2.3411438593757876
0.0	0.0	1.2137693743703894e-16	-1.791949122822409	2.4566049996254673	1.3482610282208547
0.0	0.0	1.9752839858659165e-15	2.482707621849754	0.414829694576191	-1.913815115729527
0.0	0.0	4.294520445527949e-16	-2.834900998381601	0.19862920483694504	2.2706136579371754
0.0	0.0	-3.709112413921356e-16	1.938026839814328	-0.347116866133668	-1.0167537269872886
0.0	0.0	-3.124689330940236e-16	-2.565234247071696	0.5391272064224651	2.0691348372758247
0.0	0.0	7.891665989572225e-16	-2.736471632818437	-1.2707953741169777	2.337949034745388
0.0	0.0	-1.394463694460024e-16	-2.8780901636362963	1.7846873969856278	1.3682185745580508
0.0	0.0	1.4301285035332679e-15	-2.591691681358855	0.16393925220238248	2.097640496871575
0.0	0.0	7.413343912604896e-16	2.4806524524464413	-1.7154082301431592	-1.3071231612474294
0.0	0.0	-1.3768401269287999e-15	2.670161223585761	1.3843273845285218	-1.0537678178804013
0.0	0.0	2.0032016599322956e-16	-1.3738859439083733	-3.4877456072580455	-0.8524143745815236
0.0	0.0	8.022295379329922e-16	2.9606469679117007	-0.9480883779339945	-2.3563769616365473
0.0	0.0	4.3338121097720656e-16	3.045583509093009	-1.4267887421941916	2.321150038427796
0.0	0.0	1.6938673250912209e-15	-2.7774417197910743	2.5655577343930767	0.596441151135519
0.0	0.0	5.339154135072285e-15	-2.781554735173299	-0.5127900725488127	1.798330465296182
0.0	0.0	3.60560274094656e-17	2.650037247639176	-0.20819924682224097	3.010493699071109
0.0	0.0	-1.9654983638216195e-16	-2.309243537012933	1.1297151257396323	1.7478257075474808
0.0	0.0	-1.1041060123227398e-15	1.607778712069381	2.270044785858849	3.0748640411130084
0.0	0.0	-8.231650779722729e-16	-2.6877676545289573	-1.9706389583311863	1.7601072396659183
0.0	0.0	-4.327860841833355e-15	2.3657961000907872	-0.2939977528005431	-1.8976701890606495
0.0	0.0	2.377839496503164e-15	2.1095409902037137	0.893617706064474	3.0929558079088726
0.0	0.0	1.7510829347013526e-16	-1.6202311687521629	-1.9916559309405595	1.8960476881147514
0.0	0.0	1.9198260599503738e-16	-2.816918008173472	1.3881293132050574	1.1284235410898231
0.0	0.0	-5.089621360741057e-16	-2.6929909563858545	2.484673611309253	0.3581546144731288
0.0	0.0	-6.597546733764771e-16	1.8984169334703207	-0.23017906718803624	-2.3883242118283365
0.0	0.0	1.0454474790614475e-15	-2.567824178839548	-1.4410759658769163	1.3715207483626788
0.0	0.0	-2.6057527139976115e-16	2.844118223292956	-0.6847086756007363	-2.6192726116638143
0.0	0.0	-1.965826880399388e-16	-2.078722984681942	-1.0601388171715371	2.7861106757787732
0.0	0.0	-1.242232125100274e-15	-2.2866425244285558	-1.2587941092538437	2.3685596148549903
0.0	0.0	-1.1115262422032438e-15	-2.1532834833582033	-1.4022250887370606	2.7304855255969454
0.0	0.0	-1.2108389651144103e-16	-2.354272405877026	-1.895837546014265	1.2361439206126488
0.0	0.0	-2.2613149322659686e-15	-2.324734778176642	0.42167891738982655	2.1029129734663163
0.0	0.0	1.171467040351068e-16	-2.0392026537492534	-0.765110834264758	2.5910424453805625
0.0	0.0	-1.8601731682050465e-16	-3.1228129560345113	0.7780877894940905	1.9410154669352222
0.0	0.0	-1.4811628017633724e-15	2.744540693206604	0.9893961325461115	-2.4863329983515476
0.0	0.0	-2.0574013721791475e-16	1.141931020847796	1.002389770817381	-1.2836468346537844
0.0	0.0	4.156936527334762e-18	2.851470781082755	1.9048633944114812	2.479540880145539
0.0	0.0	-1.0938762616637136e-15	2.63539845411909	0.33341642802966354	-2.0197800544229914
0.0	0.0	2.2886227159288857e-16	-1.9513162820557817	-0.11515685522454695	2.952532716472505
0.0	0.0	-1.234416433122814e-15	-2.407196945166722	-0.9622982663296629	2.117035841943146
0.0	0.0	-5.507675115305243e-16	-2.6276523148264572	-2.1908088961000156	-2.928077772996823
0.0	0.0	1.947172387477574e-16	-3.0714030419262794	1.4443237266600577	1.5141179579060617
0.0	0.0	6.703673663767789e-14	3.013870826210219	-1.5302039142886708	-0.6160642493446851
0.0	0.0	1.2893864521747979e-15	1.6115203087020626	-1.024518665948822	-2.6626461633387275
0.0	0.0	5.833766119975329e-17	-2.249739208336157	-1.9920068962723843	1.7353595040521899
0.0	0.0	5.934722326428971e-16	-2.7664517630437735	0.2728851957401934	0.9992394705311032
0.0	0.0	-1.5333077583905975e-16	-1.4925237991432496	0.24567298169749818	-2.257579950392203
0.0	0.0	-2.2819633851265577e-16	-2.985433812777299	-0.7838715989077499	1.4867982506284987
0.0	0.0	8.164429739674804e-16	-1.474605610755635	1.5011073095889784	2.2454603633126275
0.0	0.0	-1.8579448769033173e-15	2.29960564460222	-0.27756175803062166	-2.2605515446686786
0.0	0.0	7.476362840960722e-16	-1.7492044407344158	-0.5170232620723784	2.922579784218577
0.0	0.0	8.019569753699069e-16	2.8814816385951225	1.5497400561242047	0.1873455107899493
0.0	0.0	5.635270344613397e-15	2.352453714495471	-0.46233223775247273	-2.070127785450886
0.0	0.0	-2.7839459839068957e-15	2.18315469815479	0.7561864518993016	-2.309650834641666
0.0	0.0	-1.0934125300438584e-15	-2.914447793328266	-0.04363339868606143	2.0493488114386675
0.0	0.0	-2.044911629746246e-17	-2.5212072642763044	1.8576581706618946	1.1883027916573763
0.0	0.0	-1.308202746589048e-16	-1.5846060105515187	0.8105475363513029	2.767575334139765
0.0	0.0	7.365363322743527e-15	2.265489077933279	0.17929103227028784	-1.8747742270034689
0.0	0.0	-3.8313804884493843e-16	-2.9838211368820353	1.1106582864926655	2.3348872163239602
0.0	0.0	2.404149303512839e-16	2.614033045974771	-0.9709034346071098	-2.3617424163977145
0.0	0.0	6.259377048885067e-16	-3.073999293993412	-1.136489071805065	-1.4756772209140658
0.0	0.0	-4.667257430282039e-16	1.7338743761373916	-2.5722368400942055	-1.9928575387576455
0.0	0.0	-5.149491538188922e-16	-2.4070524414522008	0.4025778443179139	2.165677955241481
0.0	0.0	2.898267410924576e-16	2.727915981419722	1.237827290791653	-0.3347312071104911
0.0	0.0	-3.835782694487599e-16	2.51823778310518	-0.5792565096625503	-2.0831497387311266
0.0	0.0	-1.5363348724361786e-15	-3.0512861710596733	0.5509202853681233	1.9157032620345733
0.0	0.0	5.657749970580088e-17	-1.938108520729683	-0.339403487904972	2.2454154765089545
0.0	0.0	-1.0837568953472627e-16	2.91329524842396	0.31744927417454843	-1.6591684750880642
0.0	0.0	5.274435155909417e-16	-2.6494509678657954	1.1279525673416337	1.1490134848871085
0.0	0.0	2.2485109639316647e-16	-1.186899243477023	1.0165632446464665	2.4415304274826246
0.0	0.0	1.7605378152021008e-15	-1.8532413086924215	0.11890278853943265	2.8314560712540726
0.0	0.0	-8.563213394116247e-16	-2.4380984617002244	2.046276238122423	1.3873042872133516
0.0	0.0	-2.743469228758962e-15	2.658310534804684	1.338452943636809	-1.7307820344341351
0.0	0.0	1.0911477732833805e-15	2.8497658358610876	-0.5591009679454704	-1.80942583307867
0.0	0.0	-1.6326118911252464e-15	-2.6591777120596527	-0.9252533192171262	1.356915513507695
0.0	0.0	5.511484331792493e-16	-2.428528500267188	-1.2706442032751506	2.039582886447378
0.0	0.0	9.449852250756759e-15	-2.2042019226697454	-0.015916786411052763	2.7222452930160026
0.0	0.0	-1.1118789716171542e-15	2.311720649877321	-0.2575996586246695	-2.8325314171176377
0.0	0.0	-5.096047807297194e-16	-3.1258126743312693	-1.2491359610797337	1.7179223876826804
0.0	0.0	1.01448233162124e-15	3.1095941106641938	-0.9614617117826381	-0.18391425087795454
0.0	0.0	-2.060172909887738e-13	2.1150947159735836	-0.044733562824621355	-2.0719474679870666
0.0	0.0	2.240032674928685e-16	-1.8730372951316268	1.9140603798351268	3.0773572796693136
0.0	0.0	2.104902221980009e-17	-2.7846863342807566	1.2277821218704958	0.8971428370911649
0.0	0.0	-6.677467482756203e-16	-2.5809051492553925	-0.4123878467564256	1.3806934112641427
0.0	0.0	-7.210820106896805e-15	-2.9105916989198266	-0.04404289814871094	-1.2891980134357413
0.0	0.0	1.6720796382835201e-15	-2.5923252840963076	-0.5433547673200351	1.842423691131435
0.0	0.0	7.756513455570144e-16	-2.804253980866213	1.532802526457418	3.0977587331134444
0.0	0.0	6.697741563113304e-16	2.614454587863163	-0.7478830930581997	1.2507491670249875
0.0	0.0	-1.0842347045056225e-15	2.499710794565553	0.44171784264124264	-2.0556067670049067
0.0	0.0	3.753108804498286e-16	2.8379537072533925	1.290901222485094	-0.0543977163076681
0.0	0.0	2.4848366368850914e-15	-2.6877465898758017	-0.16662289568403682	0.5942836607705673
0.0	0.0	3.3908143610276643e-16	-2.6510966873399773	-1.0941503552480631	-3.139431413844797
0.0	0.0	1.2820793271785353e-15	-2.2144565383138586	0.9709602957668255	2.5075404267809547
0.0	0.0	1.1258657168975973e-16	-2.294072514089572	0.4781525279039942	-2.709493121766924
0.0	0.0	5.13053294845849e-16	-2.881146435797563	-0.021161070262684982	2.1182988788775683
0.0	0.0	3.51111546983644e-16	2.9288260841049314	1.6638698629618376	1.9498822804791285
0.0	0.0	4.949650247933415e-16	2.8405346654501646	-0.02252578948906719	-1.303295070866108
0.0	0.0	-2.594021439942985e-16	-1.9157457108564806	0.05367389890698481	2.6423726928115423
0.0	0.0	5.844867784659236e-15	2.196011236795991	-0.1579268285109779	-2.4800393319545284
0.0	0.0	7.824295797679234e-16	-2.5131616822528473	-1.484208922766712	1.110451718671893
0.0	0.0	-1.38996752286563e-17	-1.8881190222186737	-2.230686674344732	1.9291196215416089
0.0	0.0	1.658879380774804e-16	-2.9382847424880385	1.6867445083253965	2.1599888753357046
0.0	0.0	8.74764399646021e-16	2.132343817671585	0.18226026298119932	-1.4280829618768731
0.0	0.0	1.2788337384997509e-15	-2.734398628076199	-1.4415221091312511	1.9016527692538376
0.0	0.0	1.0094332877855277e-15	-2.867903011923695	-0.20371509218790124	1.1706962523927809
0.0	0.0	-2.6197989275801184e-16	-2.555463686163433	-1.0304728384356254	1.6391945734861453
0.0	0.0	4.828349893396813e-16	-2.4669132142375823	0.15475715125632772	2.4459223768310854
0.0	0.0	-4.752907316353985e-16	-2.0753526433225744	-1.9200050705506306	2.1484654329278534
0.0	0.0	-2.549797998216068e-16	-1.6686815608093113	-0.9282553439943051	1.1489250880058437
0.0	0.0	1.0120096171895683e-16	2.8723656094751635	0.959864856315168	-2.698448251930554
0.0	0.0	-4.2975619994913435e-16	-2.244169851383803	-1.752592084512123	0.01808778456451096
0.0	0.0	5.505332871139779e-16	2.427334514252557	-1.110481098693549	-2.182167946587148
0.0	0.0	-1.2963966248911535e-15	1.737526086382779	-0.3973866320852274	-1.8956451226469575
0.0	0.0	3.863866990692055e-14	2.0493121109417727	-0.9553871528070886	-2.765434246485019
0.0	0.0	5.42688291533506e-17	1.671939977393282	1.5391668572825454	-1.8687128844991072
0.0	0.0	-1.1996318047805136e-16	-1.132787216117837	-2.596629377625338	1.5332027097217273
0.0	0.0	1.215256617371288e-15	-2.7918505480515967	-0.7173653993039536	2.1032893542303412
0.0	0.0	-3.847127005762474e-15	-3.021041769526698	-1.2748668523250517	-1.3770653293597999
0.0	0.0	3.6905648660908733e-16	-2.04094282152759	3.267437658394906	-1.8013445390049103
0.0	0.0	5.787074872741467e-16	1.5916361509616745	0.8790515508786979	-2.5937770410624648
0.0	0.0	8.623558137539903e-17	2.3454633722629015	0.1345333367738697	-2.2055141869451873
0.0	0.0	4.699580938171989e-15	-3.0544546281876572	0.5415101162420636	-1.5308681106769146
0.0	0.0	7.056143966734667e-17	-2.8197993764982643	-2.6602641185684424	2.3882149974835976
0.0	0.0	-4.887228720805007e-16	1.4532488071534253	0.2558984791411034	-2.6411781381866746
0.0	0.0	-2.438827902227906e-15	-2.468472449649072	0.5865167733441102	2.170589905481112
0.0	0.0	1.195474672678719e-15	2.3087537242107707	-0.7058883132727989	-2.49144047157641
0.0	0.0	8.993019854488318e-16	-2.020814854563624	-0.677338209004593	2.5079210428208163
0.0	0.0	4.940295580838059e-15	-2.2623758590495084	-1.2704330312004593	1.9102167146959563
0.0	0.0	1.1061109860587313e-16	-2.1491182074806865	-1.0941789346927453	-3.044306093262577
0.0	0.0	-4.481176019779641e-16	2.7992085022939683	-0.1521768734758861	-2.904260511639427
0.0	0.0	-1.4207468704577295e-15	1.6944756626192552	-0.5324321339170491	-1.0834064587667633
0.0	0.0	-5.531832367212273e-16	-1.8288595070988913	0.9012023382383176	2.9581461836884655
0.0	0.0	-1.567009657350398e-14	-2.5532994962510767	0.21207295794130976	1.4362071290611333
0.0	0.0	-8.899598500937903e-17	-2.25254837772688	0.2613495119488082	2.3138821378764254
0.0	0.0	-1.6206112014276593e-15	2.859154866479475	0.5952697029829115	1.6220117342459752
0.0	0.0	9.952636123238644e-16	-2.577600049360063	3.0304884083193286	-0.5978289064642013
0.0	0.0	-4.172132892690278e-16	-1.3622087635032303	-2.1970833531118332	2.764962925955247
0.0	0.0	1.8595756576179473e-17	-1.7170900701477478	-0.8081501027267586	2.535604603524768
0.0	0.0	2.1862853740081458e-16	-2.734689013170602	1.1256719827206032	1.6853817384505057
0.0	0.0	-5.492734405638423e-16	-2.6788910881334838	-1.4725645994337784	2.4503677100207497
0.0	0.0	4.405187755202839e-17	-1.8624922491414564	3.3647028215604897	1.3093493154429685
0.0	0.0	6.309219826199513e-16	2.230085569679286	0.22968979327021366	-2.131797321235883
0.0	0.0	1.448889559567305e-15	3.141306023742197	-1.3193109137288734	0.5885158994106529
0.0	0.0	1.0542537585570977e-15	-2.1599457165966003	-0.4365205306481756	2.3122483365301907
0.0	0.0	1.2637561122561721e-15	2.6013090652344553	0.11499585227403535	-2.18345466624997
0.0	0.0	9.95034124862268e-16	-2.766099814243891	-1.2212336368950545	2.0421048819740304
0.0	0.0	4.476056936580864e-16	-2.7004708138700555	0.9508896925318009	1.882604042559608
0.0	0.0	1.3224390396113074e-15	-2.266124248215494	-1.1291962077114965	2.12482187923699
0.0	0.0	5.564394491576868e-16	1.3278536737770343	1.1303359563230635	-2.1558030919889752
0.0	0.0	-6.507663047950277e-16	-2.4706849540418947	3.2534123044300127	-0.07109005958920989
0.0	0.0	2.2191951344926108e-16	-1.755842162410107	1.176204834320769	-1.2741123040024585
0.0	0.0	-6.535822382220494e-16	2.2120094448188112	1.447678288950003	-0.2043503738807475
0.0	0.0	-1.5596062443130956e-15	2.9259830760762826	0.9019331518400947	0.31683259071653724
0.0	0.0	-1.1915481000115118e-15	-2.686786629750863	0.8017482631311666	2.471475433736886
0.0	0.0	-9.121761766411404e-16	-2.606585023554246	-1.1028350284251447	2.615171805108675
0.0	0.0	-2.7131370191674917e-17	-2.7581878415673575	-1.4610501453639255	1.9029645949696352
0.0	0.0	-6.98568782771621e-16	2.8975607308662292	0.5920841146199385	-2.251358991433113
0.0	0.0	1.0027688860953574e-15	1.930229990744441	-0.4981194390067209	-2.1112552838213645
0.0	0.0	-1.3519207229912495e-15	2.3418203942627427	1.4675295736819873	-0.7027130807739139
0.0	0.0	-1.615347648639057e-16	3.041600647906286	1.1339858304314863	-0.24224721258584747
0.0	0.0	1.8442459713604887e-15	2.505039220592461	-0.3601086655627446	-2.292811185558597
0.0	0.0	-9.850119381185642e-16	3.0615109129398457	0.198138271620908	-2.1874779729448885
0.0	0.0	-3.494937123355277e-15	2.4014744495368783	0.4890885153636137	-2.1979237419584203
0.0	0.0	4.575803768163025e-16	-2.510952340764157	-0.6807141955509308	0.7371348902849795
0.0	0.0	-2.841550073588642e-15	2.484633059425055	-0.7980168082839793	-2.0536675750055675
0.0	0.0	1.3683631422812396e-15	2.272785000651571	0.5759964365975857	-2.01940218438227
0.0	0.0	1.9248542063921105e-15	2.049647363343368	0.6135419753045425	-2.2057303339729453
0.0	0.0	-3.3138256089875707e-16	-2.289824410407883	1.33443959180879	2.624058344004055
0.0	0.0	2.3045409512736418e-14	3.060678559863143	0.6159765987124932	-1.828914756745811
0.0	0.0	5.528498286777478e-16	2.7029638108578853	0.07120287248202543	-1.6438096394456103
0.0	0.0	9.598441605986823e-17	3.09164805789986	-2.3538476458644544	0.7521863918737529
0.0	0.0	1.239109793652321e-16	3.059537661421756	0.1782237381048937	-1.6754341018589534
0.0	0.0	2.2218812611575446e-14	2.241681427717783	-0.5492314653744795	-2.2296165563460484
0.0	0.0	-3.711026744557581e-16	2.8131182821208482	1.1025381509382342	0.34389626303538046
0.0	0.0	4.4123924979430717e-16	3.106940678589402	1.8085022960041506	1.1189998644819068
0.0	0.0	-9.569691569747019e-16	1.3722718726886063	0.5940447696558468	-2.493632136752438
0.0	0.0	-8.818427013162569e-16	-2.9336095070792907	1.6219928525601108	0.44158119474555707
0.0	0.0	-1.715699184381398e-15	2.0321475215954585	2.0925871277094896	-1.867501867112467
0.0	0.0	-9.870937746349358e-18	3.1115318791707964	-0.8118809290058674	-1.5893541851307313
0.0	0.0	-2.7363909810651734e-16	-2.239139732745815	0.3738307584714825	2.6323390266676583
0.0	0.0	2.612185665628637e-15	-3.0464326508834887	0.9078333204662656	-1.8661388130153753
0.0	0.0	-1.642749071671583e-15	2.5903412803076145	-1.5754727520155036	0.4431363080054439
0.0	0.0	7.477503187132205e-17	-2.4923242538843136	3.4671915676510956	0.029649643811326766
0.0	0.0	2.365200798789929e-16	-1.9059981105040187	0.42382040723423775	2.689609871028886
0.0	0.0	5.521184123407875e-16	3.1066968942934317	1.043384902445978	0.013170017000625556
0.0	0.0	-1.054691000785298e-15	-2.557124172904398	-0.6570530148474003	0.6130572859210971
0.0	0.0	-2.2097963121381282e-15	2.1834996707923278	-0.08915413541856218	-1.8668071666451702
0.0	0.0	-9.572966288865219e-17	2.922032659872416	1.4830373502178087	1.7398423433738675
0.0	0.0	-9.142988327368532e-16	1.9019849801933848	1.2546246923799493	3.0944931917003387
0.0	0.0	-5.182693125219961e-14	2.6162625065545173	-0.8482734302805326	-2.414016957434454
0.0	0.0	1.3666081881091833e-15	1.6926142128628898	0.9870393353353455	-2.1402511640662087
0.0	0.0	-2.50380037636004e-16	-2.351273932126582	-1.9315638543963145	1.6178057590599846
0.0	0.0	1.4960844460636165e-15	-2.8436868510827633	0.11273389146133933	-1.3050503530959956
0.0	0.0	4.574547440665549e-14	1.6381456453359968	0.6345831547819741	-2.135290448123617
0.0	0.0	-1.2161101800895408e-15	-2.572073934519381	1.1161310874758459	2.0988688207357145
0.0	0.0	7.362826570870228e-17	-2.560040244637572	1.741706175893045	2.037235677313962
0.0	0.0	-2.099250130557326e-16	-2.561988904926015	0.038277837671912535	2.142139366811481
0.0	0.0	-1.377183672765397e-16	-2.59866741213338	-0.8491325808978676	1.7990278273786449
0.0	0.0	-1.2635827734102806e-15	-2.9854203667532317	-0.6402891447206402	1.1319418638400158
0.0	0.0	-2.1996809659557276e-15	2.7618092817594078	0.06895641767539501	-1.6563161628856333
0.0	0.0	-7.006987037103547e-16	2.914627300931067	-0.38493105247846493	1.4785850137355183
0.0	0.0	-9.937743706687697e-17	-1.5194491442206814	0.845732834897278	2.8916205911264465
0.0	0.0	1.4922981421468354e-15	-2.659355705687564	-0.0914896129779289	1.424141577142578
0.0	0.0	8.070406680218515e-16	2.8257546899766908	1.921843986218759	0.48331085397163304
0.0	0.0	-4.997734886185389e-16	-1.8051366279752896	-1.021028209575631	2.34304525470686
0.0	0.0	1.6882950689420976e-15	-2.208749773243282	-1.503761020146199	2.4693330637625843
0.0	0.0	1.3624788491717314e-17	3.1313085375665595	-0.6149392735382749	2.488478197356587
0.0	0.0	-2.5613515868826576e-16	2.4915348159950415	-0.34871972755509095	-1.9728468848886633
0.0	0.0	-6.465923713342037e-17	-2.513174026445443	0.6071730135370812	2.003226560576846
0.0	0.0	-3.275031290981077e-16	-2.564406403327094	-0.9918609353610983	2.0734230091507992
0.0	0.0	-3.1234798994394636e-16	-2.9667134479927446	0.06483806764524078	-1.5295693637638763
0.0	0.0	6.820943554920738e-15	2.271655677474728	0.2854106007648392	-2.436666235447739
0.0	0.0	1.699093244876985e-16	-2.2160655041313646	1.1699990799894258	1.9177102962869281
0.0	0.0	7.529313419663483e-16	-2.8259163811369223	-1.3740973317362484	0.7518691451624561
0.0	0.0	-4.445100933951814e-16	-2.1521742127076973	-0.7560563154284943	2.149303312056759
0.0	0.0	-1.9485838446261885e-14	-2.8700621564760582	0.19773998046325722	1.6553275803781888
0.0	0.0	-1.4795801133299837e-15	3.058214260797929	0.983367463886587	2.29235043597632
0.0	0.0	-7.43833841973123e-17	-2.9867300820805687	-1.1969013673635231	2.6705538361563756
0.0	0.0	1.331359882112218e-15	-2.3665419939491885	0.5377710252148278	2.1871581425595163
0.0	0.0	2.1549339735372237e-15	-2.6105904399338478	-0.35911283778843117	3.0182282710310955
0.0	0.0	-5.634927238856452e-16	-2.5265590712128616	0.2207761792144556	-0.9286506502536174
0.0	0.0	2.4823877929349035e-16	2.6439580373496296	0.38657550179759304	0.6319632447460368
0.0	0.0	5.567020097765324e-15	2.082289190779063	-0.22638116085380405	-2.2464661245370436
0.0	0.0	-2.832533824417525e-16	-1.9804395803086239	0.053456309237922384	2.812327493912287
0.0	0.0	-6.059640232904232e-15	1.856818032866598	0.16016344192315687	-1.6171513728984461
0.0	0.0	1.380174481624954e-16	-1.6148844459158678	-2.6775157086783072	1.022734050220733
0.0	0.0	7.180940938605059e-16	-2.4587689710723133	0.9244743690386961	-0.5881568414755582
0.0	0.0	-1.7858120639871276e-15	2.041242833993393	0.4224785825499177	-2.5729225412840577
0.0	0.0	3.5636723087228306e-16	2.997681117709422	-3.313114538616798	-0.8960998135207934
0.0	0.0	1.6206727833541123e-16	-2.5396732780468043	-1.5606648291599472	2.850903897805181
0.0	0.0	-7.910608312097075e-16	-2.563586135401149	0.70026912839583	2.777954798516034
0.0	0.0	-1.6785393428710837e-15	-2.633592141403828	-0.15914939751323018	1.8043291257404166
0.0	0.0	-1.1825423027730181e-15	2.5518002625973133	0.7235190187099101	0.05565189564649882
0.0	0.0	4.0992590053774065e-15	2.158673408452538	0.0922530616833577	-2.229090388976384
0.0	0.0	1.593216890450602e-16	2.5763865582588945	-1.4103390489063348	2.527810927393467
0.0	0.0	9.484282016904471e-16	1.6104780477039835	-0.13064756211595194	-1.7493263726183743
0.0	0.0	-3.3584884061108325e-16	-3.0302602236383924	-2.096621054855701	0.8932837206911172
0.0	0.0	1.319719816513424e-15	2.0460079037600645	-0.9327685587590395	-2.3985073333812394
0.0	0.0	-3.4628800421684376e-16	-2.755409301617638	-2.913102555427121	-0.2849657834968573
0.0	0.0	7.015885089776788e-15	1.6004613549717472	0.2083402080665117	-2.772221778405148
0.0	0.0	2.947306744395068e-16	-2.7421712354008827	1.2642153937338634	2.2708867220820945
0.0	0.0	2.783123161124533e-16	-2.233643617999167	2.7837977039020725	0.7327424299421925
0.0	0.0	3.2792709464553996e-16	2.365157140913039	-1.2432495426079633	2.63084747375767
0.0	0.0	1.2934598045852102e-16	-2.63030337743643	3.5430056941533272	-1.0357821908286446
0.0	0.0	4.568121992407494e-16	-2.5011694481445454	-0.25648349957212657	1.9278452751445174
0.0	0.0	-4.111810580970594e-14	3.111653605856076	-0.7502507066214149	1.8692960941730945
0.0	0.0	4.324009481386748e-16	-3.0147606800912077	0.05200737354822382	2.85950864982457
0.0	0.0	1.0416663259301982e-15	3.0414286244162114	-1.0797919007530608	1.0333607480295026
0.0	0.0	-9.749422230869023e-16	3.097141959878109	-0.44174753451865933	1.5082541144394552
0.0	0.0	-7.218875232141697e-16	-2.878153949062489	2.1152963364788437	0.1520196415999633
0.0	0.0	4.665455568558422e-16	-3.0223498370016664	-0.31309894896176976	1.622503342707109
0.0	0.0	9.11506836919233e-16	2.3210048397953345	0.5198754100305188	-1.4352155562301991
0.0	0.0	-2.493576468237215e-15	2.4739722465855745	0.12543742226523896	-2.0468098069169622
0.0	0.0	1.7883984653317755e-15	2.1470996318187625	-0.2405505070874044	-2.3773080083483067
0.0	0.0	6.72548478040454e-17	-2.8683188915644724	-1.4642683796174079	1.224828986393715
0.0	0.0	1.0149950743616788e-15	-2.9252646463798793	-1.2657113462858913	-1.2530238363671131
0.0	0.0	-1.2449294193536097e-15	-2.1391390233198964	-0.4724673579651014	1.0052261000160494
0.0	0.0	9.033470804185608e-17	2.4224646795552562	-1.0396666296783834	-0.891455306994799
0.0	0.0	-9.740952541052687e-16	2.264361711881455	1.5261558261616117	-1.2229186971070352
0.0	0.0	-3.076697449946971e-15	-2.081114700251767	-0.16450779890151787	2.7044541584682755
0.0	0.0	-6.646073704108195e-16	-2.954107074484092	0.2866895405041829	0.4360513675549025
0.0	0.0	7.307819550048672e-16	-2.812093205699271	1.1364606766642744	-1.6606764651297308
0.0	0.0	1.3474644051097152e-15	-2.242488657487204	0.14065043667753996	2.2808060976450033
0.0	0.0	1.6302382406932946e-14	-2.541088155921396	0.5446820885276202	2.264792114056595
0.0	0.0	2.9311457925565265e-16	-2.1193619269206945	-1.4355053226422538	2.368479270479427
0.0	0.0	2.904900046374691e-15	-2.178541088810583	0.6518184174140591	1.1342663750036452
0.0	0.0	-1.203792806171272e-17	-3.025472416715942	-1.9012507063008752	2.4878156925516945
0.0	0.0	6.6205342367699076e-15	3.101030655465594	0.41135939626470497	1.443666811778167
0.0	0.0	2.765486293872414e-15	1.835458441736857	0.30265651751771566	-2.047145735687444
0.0	0.0	-2.02685333451834e-15	-2.01251538313276	0.20753584242910533	1.8440919868823835
0.0	0.0	-1.3791218562180335e-16	-2.8299840890662904	-1.3093134624630838	3.0967970848151127
0.0	0.0	1.6833927133632996e-15	-2.552057070115008	0.24321535305322733	1.82862721213366
0.0	0.0	4.774631176084559e-16	2.763457054203229	0.9016997612574835	-0.9157410030943236
0.0	0.0	1.1397363006581448e-15	-2.196471260112456	-1.7122650524721406	2.8002936420324884
0.0	0.0	-1.2702485002595178e-15	2.6900895063269292	-0.7365351497644428	-1.8701163757722323
0.0	0.0	-1.092544540041455e-15	-2.5021860075254194	0.39645798618347733	-3.0016948497917637
0.0	0.0	-9.632573108072655e-15	-3.0843027674500436	0.9599555978766048	-2.7398689210159985
0.0	0.0	-1.05164485272674e-15	2.4248692692604523	0.4435619267318989	-2.209253114542986
0.0	0.0	-3.71020480854177e-16	1.507817607953065	2.641185951966568	-2.1137304901842278
0.0	0.0	-1.7027670982404367e-16	-2.4693003132183518	-0.6129682188867718	1.9227758051689054
0.0	0.0	-1.2248265300767724e-16	-1.547746011619478	1.1526192366106367	1.472331576853228
0.0	0.0	1.4108469028783378e-16	-1.5924193500871562	3.7438357928856503	-0.30651352880463634
0.0	0.0	-2.189752762344513e-16	-2.5449424417115996	-0.9657920238844186	2.6517660429350625
0.0	0.0	-7.269079242724322e-16	-2.827933383738202	-1.1902775555449978	-2.925575241703044
0.0	0.0	3.5538756335972205e-16	2.741478285276165	-1.1755043037192048	-1.763356230669693
0.0	0.0	-1.5562285477823776e-15	-2.10604244271952	1.4047079034076173	1.7643651341582949
0.0	0.0	-4.096158341092076e-16	2.7526459632706413	2.430330654030886	0.5233603297067956
0.0	0.0	-3.0530538353774024e-15	2.6122408010068217	-0.4153758799802034	-1.7663290837948828
0.0	0.0	-5.5380419967037865e-15	1.844197441990044	-0.19938785927774216	3.1334074970519197
0.0	0.0	5.684696958096496e-16	2.975565634158971	1.0663509896656178	-0.5420716642771115
0.0	0.0	1.0800526004674082e-14	-2.1048764450867417	0.8798922750440382	1.7915372033409818
0.0	0.0	-5.545954783255517e-16	-2.160833303751125	-0.2454998397512192	2.304533873277224
0.0	0.0	6.262267724814372e-16	2.136296447840178	-0.4943520464949146	-3.079957052924729
0.0	0.0	2.1304503606511535e-15	-2.6837626352062136	-0.04767812242462315	1.8659006264801334
0.0	0.0	-2.821629695131659e-16	2.6643163946153305	-0.5712008596755984	2.9559107999369303
0.0	0.0	-1.4486444678433148e-15	-2.1707995644649003	-0.7038941759077838	1.796694790682074
0.0	0.0	-1.095201290866774e-15	-2.614484856936257	0.3835483147359259	-0.44662184125638227
0.0	0.0	-1.0508683145051814e-15	-2.874330183555814	-0.9653941549078536	-0.8243252925621967
0.0	0.0	3.976591913747117e-15	2.683379119957696	-0.2667872214270946	-2.1404384444931397
0.0	0.0	-3.003276217242291e-16	-2.115057819488479	-0.8922470117476045	1.3604842394646952
0.0	0.0	1.1084544161468305e-15	2.676349218205623	-0.4253108524087056	-1.1958116419082812
0.0	0.0	4.478031224000233e-17	2.400624817999282	-0.6777141773682244	-2.1366996336882433
0.0	0.0	-5.714638574216649e-17	-1.6308046144897306	-2.8860248610368626	-1.1650937276863864
0.0	0.0	-8.541573626813255e-19	-2.17593839299278	-1.086633389269788	2.5446880506642016
0.0	0.0	1.4632313935541091e-16	2.762870643730167	-0.2183594927115938	1.1615872657048782
0.0	0.0	4.101355026157684e-16	2.3973835761942035	-0.793537234073716	-1.5035649874746468
0.0	0.0	-2.3342064672425054e-16	-1.9229978680893023	1.6271096019097073	0.872952255494671
0.0	0.0	-7.816252851828316e-17	1.1219886806530406	-1.117714627960673	1.2642868319120568
0.0	0.0	5.035449147075498e-16	2.5458426745252027	0.12446193003118662	-2.0642733156035593
0.0	0.0	1.4429358087993443e-15	2.405200755873457	0.1482251766256782	-1.8734644689940847
0.0	0.0	1.594223551806452e-15	1.4880484558628275	-1.526376801842293	-1.622226288663633
0.0	0.0	-2.7148485918323145e-17	-2.4460221044985038	-1.8153319274105177	1.755304189470593
0.0	0.0	5.341989806913189e-16	-2.718348947403368	-1.4021630966447123	2.0077406650144614
0.0	0.0	-3.6956767559217237e-16	-2.778858433591031	1.3442608501839797	1.9778276252804858
0.0	0.0	4.70879072027893e-16	-2.3400908103629225	-1.6683496213197884	1.9555182805360376
0.0	0.0	1.2481650820780699e-15	1.0701599881748924	0.8499117729004101	-0.06740150477143825
0.0	0.0	5.593903509643665e-16	-2.0913488864979586	1.8164433640774589	1.1162216398660318
0.0	0.0	-6.8703812223061895e-16	3.0408898319156488	1.3290448303429885	-2.116409196540115
0.0	0.0	3.9017455682985083e-16	-2.927012884956436	-1.0098620736659285	1.7235668680695602
0.0	0.0	-1.9025518124961147e-15	0.8538109167188068	0.1299683269152392	-3.022803470105725
0.0	0.0	4.4886176746103765e-15	1.942869351482397	0.3518952506922678	-2.7191492856857318
0.0	0.0	-2.2565150261682095e-15	2.8210776584629706	0.07428644552907938	-1.8207717727330754
0.0	0.0	-3.695772337948536e-15	-2.931999120987078	-1.3916701257414845	-2.389064883773499
0.0	0.0	1.0129767983682167e-16	-3.1359138340064447	-1.529945507176247	1.6238328596392593
0.0	0.0	-6.468057710256986e-16	-2.2796793207363617	0.48863036067949644	2.6299761852229433
0.0	0.0	1.3165404782544377e-16	-2.831147203091001	-1.7493223192996963	1.9415088084408865
0.0	0.0	8.478654952306009e-16	2.892439736552825	-0.6105790972875358	-1.7484993771087076
0.0	0.0	-8.55059948514157e-16	1.2929032252237969	0.5434052666712605	-1.8729421132416073
0.0	0.0	1.7817614454489235e-15	2.9455334659707106	-1.2911601273139819	-1.005374120345527
0.0	0.0	4.432265681788108e-15	-2.7419731490240746	0.6917914391886465	2.657198908353363
0.0	0.0	1.6454844425799134e-15	2.4846034382137483	-0.8734769074268531	-2.191884484104265
0.0	0.0	-1.5157238133745931e-15	-2.424350429208616	-0.13450021067558648	1.6604990146297416
0.0	0.0	8.646692297932013e-17	-1.9796067359080087	1.8350180885385745	2.940365122674258
0.0	0.0	-8.038967094072436e-16	-2.305506433474867	-1.7172056765562513	2.211304359086959
0.0	0.0	2.228579039723707e-15	2.229654405487027	0.3326967265340191	-2.2670068921495474
0.0	0.0	-6.50111171927748e-16	-2.347514470929532	-1.7861685134676502	1.5133162891272682
0.0	0.0	-1.660192863048123e-14	3.020095084139469	-0.5092669214036617	-1.6935857886121495
0.0	0.0	-1.2118676805050309e-15	-2.4854034676888976	-0.9266910842213004	2.350527359820733
0.0	0.0	-1.4404046474471266e-16	-1.8554097259206657	3.2968003304632614	-3.018874494419623
0.0	0.0	7.882566360009406e-16	2.709616782661133	-0.13621912469905512	-2.747631115530998
0.0	0.0	-6.348241652879303e-16	-2.9868077782646876	1.1222988659247235	2.8132736540986
0.0	0.0	-2.7948839669881706e-17	-0.9909598997436779	-3.5385032526613807	1.3686125695407119
0.0	0.0	-6.202569653015388e-16	-1.6958703561351616	-0.148763706636131	2.566492184527559
0.0	0.0	2.834215642710839e-16	2.9192583951269473	-2.727400059586204	0.8214647935670603
0.0	0.0	1.180842094818612e-15	-2.324882840420241	-0.6894434192026938	1.6066555779496081
0.0	0.0	5.795156471091679e-16	2.044302320468937	0.9142601996445585	-2.521524043658297
0.0	0.0	4.1017939991812013e-16	2.9909603734151875	0.5481908536110838	1.8072495783685087
0.0	0.0	1.1293393780547128e-15	-2.7835060403710212	-0.23456631894607496	1.9197216491991416
0.0	0.0	4.3164677706772484e-16	-1.8704400600898712	1.4747284387490418	1.9289556491308486
0.0	0.0	-4.229032423640846e-16	2.5459414916239296	-0.17589820631551747	-1.2236076403075389
0.0	0.0	-1.267806926936676e-16	2.408272607465695	-0.4008788906967361	-2.145174206890842
0.0	0.0	-5.515029319330205e-16	-2.6294120622776584	2.239689653692487	-2.944263890210773
0.0	0.0	1.159120917740005e-15	-2.2147818304419964	0.16666683570649413	2.2345030890459396
0.0	0.0	4.840604342434968e-16	2.420782180491617	-0.47933839966960734	-2.3174996191463393
0.0	0.0	-3.9265924257882445e-17	2.8999433928546585	-1.2992567232086605	-1.8723949146849588
0.0	0.0	-7.93534041062937e-15	-1.9165275090488532	0.4734719735958045	1.3736568873715496
0.0	0.0	-6.460630555183662e-16	-2.4521130950402754	0.5485384048103654	1.2906794429063706
0.0	0.0	6.39863091301495e-16	-2.6234137871292815	-0.7722260417472477	2.2345501105697716
0.0	0.0	-3.065448712538837e-16	2.757462457841595	-0.9420712106351925	2.7660226702422004
0.0	0.0	-6.868149906401402e-16	-2.580847389125752	-1.1183845364692986	2.5629278577034946
0.0	0.0	-1.0111883082401148e-16	-2.7562439184464425	-0.4873407274567746	-3.0332012778195088
0.0	0.0	1.3775948320108921e-15	1.8754904955905394	-0.22129735179835414	0.6161580168074058
0.0	0.0	-4.445628602720316e-17	-2.2584589145179264	2.5958999152488085	0.9855541239286262
0.0	0.0	-1.8107174121447965e-15	-2.80090725430172	0.5165094890514897	2.077721363484459
0.0	0.0	3.9461426117248016e-16	-2.4520010774934424	-0.2061406850696419	2.1711390483757027
0.0	0.0	-6.454404262980304e-18	-1.370273674320937	1.9231205822828936	1.9194939313480266
0.0	0.0	1.1025749284253137e-14	-2.8291322150263674	-0.23223477981352228	-0.7861846413845566
0.0	0.0	1.1895335328825082e-15	-1.6610964848809955	-0.4204691912306547	2.7796154648046922
0.0	0.0	-1.3928316935019006e-15	2.739866323292022	0.9064998268628701	-1.6725983743946387
0.0	0.0	-2.711997337948629e-16	-3.024863286517425	1.5239950532489772	0.290925239652126
0.0	0.0	3.5480893380858967e-16	-1.6605121542250147	-1.1093860278931584	2.6953369171271406
0.0	0.0	-2.2610378219371952e-15	2.098391551030904	0.6477739521277572	-2.328722701758581
0.0	0.0	5.587443749975046e-16	0.4145951290788856	-0.7136546045843402	-2.651269439612762
0.0	0.0	-4.2392533469978273e-16	-2.64284570686391	-0.11896849948274038	2.5133253270006373
0.0	0.0	2.238228494065376e-17	2.3408979654672906	3.1368438220763473	2.353171446084252
0.0	0.0	-2.162852136237869e-15	-2.6657000947841074	0.602986199744343	1.8716475587401264
0.0	0.0	-1.276362469682097e-15	3.106291876255282	1.5378229067421318	-1.2734002986984025
0.0	0.0	4.3618786320341616e-16	2.3960338243062984	-0.5734970090618072	-2.1709327971780734
0.0	0.0	-1.8240709961950737e-15	-2.967882693773458	-0.09679416913029927	1.9158788583758042
0.0	0.0	-1.769916840465015e-15	3.061785020487322	0.9248666491900674	-1.888001666584258
0.0	0.0	6.591231437155268e-16	2.4861003517537794	-2.3461085434065594	0.7598461087751592
0.0	0.0	9.319477570643471e-16	1.7532879602080236	-0.5242293350284403	-2.325784792113114
0.0	0.0	4.939600190451433e-16	-1.8073065249494897	-0.9380855106121981	-1.6474593393769847
0.0	0.0	2.5498333811325018e-15	-2.3150990616567584	0.133762018700574	1.3058371446887165
0.0	0.0	-2.1319440419932402e-15	-3.0904570506138733	-0.1221004769262386	1.5336992492534884
0.0	0.0	-4.834923075661958e-16	-2.516966439817388	-0.387111599491128	1.9595003766926398
0.0	0.0	2.784865476518743e-15	2.520107453796135	0.43628170110774306	-2.149234230409469
0.0	0.0	-1.267680321474981e-15	-2.128440726970803	-0.021138358415096405	2.160092975366689
0.0	0.0	8.398499990902505e-16	-2.222392540646453	-0.7371951788019587	1.9901547907969739
0.0	0.0	2.2042383123296873e-16	2.729620883037398	1.747951374879439	-1.1810117387046066
0.0	0.0	5.904787157061808e-16	-3.0469937257525554	-0.6693059902837534	1.7175462651252005
0.0	0.0	3.5948577376390034e-16	2.1953176438372415	0.7780047920386055	-2.624017418247251
0.0	0.0	2.028934453560598e-17	-1.8702546824614554	2.151578476431876	0.9364619873780722
0.0	0.0	2.4802615193203288e-15	-2.2604176490916457	0.5847099911961486	2.1891342527402013
0.0	0.0	5.685824621645573e-16	1.2040862071551537	-1.389804429298504	-0.48194444216243504
0.0	0.0	-6.494202027557041e-16	-2.7801047322618984	-0.8348732028262852	1.8048169834609364
0.0	0.0	3.757267638047875e-17	-1.3732552226370744	1.6513495818244683	2.215637191997858
0.0	0.0	-9.218174979496954e-16	-2.5855575255957852	-1.2745677384387857	2.9852617957113416
0.0	0.0	-2.0721871036064036e-16	2.6187733321295648	-0.047198947028231034	2.0974154469878643
0.0	0.0	-1.3787058193425983e-15	-3.0778669776306127	-0.281151237397259	0.6957676686249918
0.0	0.0	-2.0718880579667534e-15	-2.884783066097664	0.7251199398884609	0.5925287112869686
0.0	0.0	1.4277076493421812e-15	2.750416048499365	-1.1473450740494258	1.4189382043207566
0.0	0.0	4.0531648627646045e-15	-2.3811360005514177	0.3923976521587347	2.341908181727823
0.0	0.0	1.1149596553493594e-15	-2.7464891593629126	-0.16733890282479905	1.5274256120501741
0.0	0.0	-2.3765448356672563e-16	-2.0919738791122606	2.09434576681198	-1.9533697635718488
0.0	0.0	-6.962116880919553e-16	-2.1387080991853473	-1.5864393362340552	1.3695336686734834
0.0	0.0	-6.17761459929004e-15	-1.6501699626705122	-0.18032783972776573	2.836420695358407
0.0	0.0	-3.1573198356686184e-16	-1.750582924902731	-1.9957424154894703	2.7598711144503203
0.0	0.0	2.9135012883620314e-16	2.2760883695219754	-1.1415416549862492	-1.0786911042533234
0.0	0.0	1.0739159926423376e-15	3.088185813507482	0.6502461054991375	-1.5579023508805694
0.0	0.0	4.993394758343644e-16	2.7534630266028266	-1.0771513451904617	0.7416178420496767
0.0	0.0	-2.5031473930789266e-15	2.2869830836678684	-0.4355616114117559	-2.341605647918623
0.0	0.0	1.7700094168284028e-16	-1.9145778139866767	-1.1588211719847281	-2.9072338691890507
0.0	0.0	1.4426466158325258e-14	-2.947048937389571	0.8394788858533272	-1.9991237625601013
0.0	0.0	-5.907281701686512e-16	-2.1718432174006024	-1.3132695822047924	-3.009251687382039
0.0	0.0	2.113652515943901e-15	2.2685804990639733	-1.0452355499069967	-1.8657751171592514
0.0	0.0	-3.057579923186e-16	-2.210713386792598	-2.0096605544175894	2.219589663204416
0.0	0.0	7.111188180917974e-16	-1.7513516519471466	0.35924598088824566	2.937439421770827
0.0	0.0	2.464703944335928e-16	-3.1215395862812634	-3.0811817756811166	-2.6195872867342223
0.0	0.0	8.000212380722299e-16	1.0224818799082867	0.5718246157138609	-2.942471904872448
0.0	0.0	-9.134660893533361e-16	-2.184869171461303	-0.35067744769750125	2.0829177191422037
0.0	0.0	-2.1732012497391253e-15	-2.8648426300409593	0.5086271026618859	1.9953581869428367
0.0	0.0	1.6738795477417898e-15	1.4260180510003222	0.48302092450806416	2.9927579497507106
0.0	0.0	7.552035482848867e-17	-2.6533368529645833	-0.5887704746024016	2.385639782497866
0.0	0.0	-1.31937982895593e-15	-1.6116563759067875	0.011386540744255606	1.3870000990951226
0.0	0.0	-7.102208437319535e-17	-1.8292250593915451	-2.0702092202162534	0.6573678808221548
0.0	0.0	-2.7104428101380272e-15	2.0226954998222215	-2.2327441112932345	-1.6009434495994492
0.0	0.0	-4.4218832737665085e-16	-2.96890781630636	-0.7288252585733771	0.9796270485606193
0.0	0.0	-1.7612853179797763e-17	2.6339182767018166	1.8115963899107905	1.3903176096542191
0.0	0.0	2.601645632745786e-16	-2.731861428102275	-1.6212335348051146	3.116622693046824
0.0	0.0	4.3091550475506784e-17	-2.446390503007237	-2.29305154352351	1.7310249768589268
0.0	0.0	7.24159785662661e-14	2.0302365680915067	-1.479365808741645	-2.8189067794606864
0.0	0.0	4.465527334690201e-16	-3.1053665122283074	-0.28066248395993587	-1.5076520695354212
0.0	0.0	2.741835247179286e-16	-1.544801367901064	2.4542148650096283	1.285828999047219
0.0	0.0	-8.438706016121723e-16	-2.3783695672611525	-0.17109360792847803	2.3394487362953167
0.0	0.0	-7.714559690242233e-16	-1.8695936669675044	0.09855250467704917	1.5275417575250412
0.0	0.0	1.1222012842097575e-15	-2.898575685974234	1.8797359441660733	-0.011913187585229856
0.0	0.0	7.944927107166745e-15	-2.637019502395839	-0.692739672914924	2.3497101871146677
0.0	0.0	1.3366009326315619e-14	3.0500867249484473	1.143339612750698	1.3614593342722663
0.0	0.0	-4.3000167416985897e-16	-2.3252510079219406	-1.1867992893361827	2.855819484316329
0.0	0.0	-2.5880586859421625e-15	2.0921715387681283	-0.18851074507886106	2.9999192883031043
0.0	0.0	4.964994335231153e-16	-2.3072063400001745	-2.351528365780058	-2.859238936328297
0.0	0.0	-1.6618323323665977e-15	-3.0882641291136355	0.055148268574060556	-2.5768585469449587
0.0	0.0	-6.069889275618357e-16	-2.6320317458146283	1.9949286931320338	1.7796469635111676
0.0	0.0	3.1631398262272964e-15	2.1503349419110824	0.49933284812452544	-2.3010847722889065
0.0	0.0	-6.000046029323543e-15	2.2374883748778096	1.275004743310127	-1.064373925037943
0.0	0.0	-8.515407858367772e-15	3.074011647605365	-0.08266209498185256	1.9235214387220152
0.0	0.0	1.4420358905351964e-15	2.711608294920156	0.674994270476307	-1.861849777701778
0.0	0.0	-2.904072664506957e-15	2.0487712668429543	-0.32128039076496484	-2.1381884773129594
0.0	0.0	-2.588276390798344e-16	-2.9659531137521373	0.24739814237040617	1.9554262726773086
0.0	0.0	3.8276138747837553e-16	-2.6579298603885317	-0.5289321542222689	1.1478364253667812
0.0	0.0	-4.636724414875844e-15	-2.320995035399473	-2.4453988680221896	1.6268341579072512
0.0	0.0	4.0557915702345488e-16	-2.1533339479488554	0.6625889598123256	1.0808643636478266
0.0	0.0	1.0714963198370016e-15	2.7945725948063846	-0.49310796067665374	-1.173980084126776
0.0	0.0	2.394844592481094e-16	-2.678025962188007	-0.7024264044285391	1.7507698662675784
0.0	0.0	-8.363608149203725e-18	-1.1479887678130831	1.2032264514576712	-2.4227321188356865
0.0	0.0	-3.622397229673613e-15	0.9697106727713249	-0.7006371944266566	-2.3539290371357744
0.0	0.0	-9.746565034160633e-17	-2.4366151559737537	0.6415604599612196	1.7863249306458258
0.0	0.0	-3.5584717806681834e-15	2.820061759047207	0.08492399806775591	-1.5781383560119782
0.0	0.0	-6.764254511059753e-16	-3.0736497773402873	-0.2605471321202325	1.677178511906166
0.0	0.0	1.5440609270312398e-15	1.8176373895927647	0.44249911578302664	-2.655884755205212
0.0	0.0	-1.6578155665463632e-15	2.674695056880994	0.23185304819564584	-1.4492530215289516
0.0	0.0	2.528444401164179e-16	2.664526377416241	2.4826943110080677	-1.5931740188106183
0.0	0.0	4.785022816702116e-16	2.1857393577281483	1.0534886784392858	-1.4241576252287693
