isophoton_pT	deltaR_jet12	inv_mass	label
19.0611	3.003889092314994	123.59113817850537	0
23.2127	3.1742269363421385	96.3762811968168	0
19.3143	3.8126507324248786	126.53561401573673	0
38.1033	4.425599039466296	146.50194613668413	0
11.3399	3.6356375481348153	151.96181976839117	0
23.0782	3.913901445113941	131.1212747794194	0
12.169	0.9391167430878448	57.40761944694363	0
30.2672	6.113454700850961	111.81542521470996	0
12.799	3.2978846164524915	147.89072031547178	0
10.1582	0.7123849696400117	55.39500094793302	0
60.5292	5.567537030900189	123.08842023752703	0
17.0207	3.2997535017809425	82.54136295432976	0
77.2035	5.468787076962863	156.3621746724811	0
32.0927	3.754692399852877	133.82020646225862	0
25.7078	5.84374476497866	125.90276588579727	0
14.9921	3.591455766816571	138.68642479816083	0
12.257	3.0994832402797448	73.11422300422744	0
68.5833	5.786882416337318	173.48445101282334	0
36.3327	3.9342495304854515	186.6569858311095	0
21.3715	3.374642111898683	93.4606514586427	0
16.7284	3.7549404438646747	147.95685834656902	0
34.2655	5.410968163984106	108.80610673265566	0
38.8955	3.7531079400823253	162.35871148269771	0
41.4713	4.652523709158601	179.32882855715056	0
39.5168	2.3813874898612264	127.19458247107147	0
18.1314	3.580720760156676	131.58479099143602	0
34.701	3.863916313080243	120.1742121628742	0
121.935	5.450542103414027	330.48843463758305	0
70.0818	5.1271848620723635	195.50950813320435	0
11.625	3.807435434244552	92.57052346423782	0
18.9625	3.2791745910415004	158.8604219341089	0
53.8613	4.098671788994961	155.3000325898227	0
70.6252	0.6048538097253724	197.99776733843376	0
10.3362	3.338291668829217	113.4281788132589	0
28.7514	3.4670327387598094	103.04401802321955	0
108.925	1.0155253173788887	383.9451419094545	0
10.6337	2.5332088444157153	119.43278813855055	0
34.239	3.423053760448742	120.25542531664799	0
18.8002	4.362077525136539	149.88557225336902	0
50.296	4.600129637855602	117.57950427645586	0
79.1178	3.772705339291307	299.1149380485535	0
20.974	3.7611499608535763	191.21721980109427	0
19.8195	4.402846922684912	267.49721882323024	0
34.2699	4.124000100838273	321.3571595151382	0
21.9157	3.434774821000828	116.84621204436456	0
117.567	5.393547013889807	316.75138159073197	0
16.2472	3.3019046865480517	122.7296155758972	0
25.007	4.459129133828529	92.92562861573981	0
12.279	4.735078847162873	152.21672840387288	0
13.6048	3.398238336471021	176.18336920550982	0
68.8641	4.895570903759949	309.67033241830194	0
36.1411	0.6521907129674571	102.4144072831084	0
31.9768	5.672698137329085	90.24472916531526	0
57.1987	4.561371206201214	184.54058087558553	0
14.7588	3.419940624997603	80.34012552245296	0
19.7307	3.5536548036539477	155.04236706933335	0
11.0355	3.444919379294625	202.12239757971878	0
53.8716	3.889097792282847	174.93898060440387	0
24.5653	3.848055441317378	150.5562324294302	0
35.0283	3.4717994463939017	152.58935709009194	0
28.674	3.6536308643370092	112.13610645913069	0
14.1441	3.759503265352486	96.13083171750883	0
20.7175	5.7505742248719764	104.65888252995974	0
21.9879	3.2056688280614702	91.38095201540548	0
16.4904	1.7083143970884342	212.5112676382143	0
52.1635	3.19956673000658	215.69597314263896	0
18.237	2.8806802155791265	105.55339138172634	0
18.4898	3.0022764318788804	123.64842363122065	0
11.7669	1.5241701228327356	240.95906142095572	0
23.1864	2.5038325237820915	276.5874746065519	0
27.6632	3.682934506996289	178.0410690347008	0
33.8817	4.790726572497752	171.21953431512276	0
18.955	4.803213551164866	161.48719245532445	0
14.6194	3.5457108452622372	84.72971077191514	0
10.386	3.2975355536664597	79.82548181881897	0
24.077	3.0528559796393373	181.00042880463033	0
11.0181	3.8738288562684917	101.51705972147043	0
14.9559	3.5388787026312447	80.869222745654	0
121.802	5.618868112667839	317.7336953202062	0
33.578	3.5775971904121415	242.61672924935354	0
54.4383	3.621033282612957	198.16170106586722	0
93.0952	5.169674751971105	303.0168795213822	0
28.0067	5.116553405957944	80.28974239812952	0
22.0497	2.4792815196073885	188.91260430998244	0
19.2339	4.056881833752836	136.5865350222455	0
40.3468	2.136224490515671	192.56760813659395	0
18.985	3.2026409409854013	161.73352624958594	0
41.5205	4.779925793826237	118.6792635987939	0
26.8385	3.3485087746303703	106.56981171198343	0
13.8747	3.148979356068863	181.28218180293285	0
47.3928	5.803832714953813	153.3457898811089	0
18.2559	3.0300639217358105	82.12421498392722	0
14.5831	4.732065096654955	107.21295985625572	0
30.2237	3.788826688778467	93.74997502879467	0
93.1273	4.470164975112155	330.65709266209853	0
28.5023	3.9667731779199906	84.68059049667448	0
50.5073	1.846010907332633	235.852887003582	0
17.0146	1.670966957252671	105.789037445871	0
70.9712	4.440079608703381	205.79999920573616	0
48.7541	4.832748171057162	145.57405813748923	0
54.1823	3.771644097706135	351.71169271920985	0
10.0789	3.3972353704995193	235.9040092247605	0
11.4511	3.1716751770119855	169.37537483385813	0
11.5826	3.5918352270283784	121.01607504886384	0
28.2248	3.3494556190820495	144.20512273171732	0
25.1585	2.421591923221378	262.07697305299433	0
18.6485	2.9045889237722173	109.54586907998083	0
14.8658	4.267088485632889	79.58644767669622	0
14.86	3.5545504218467676	79.21179412558025	0
21.9863	3.4399552956864317	142.21220780207867	0
63.2468	1.8028355692555542	149.14307872985952	0
16.2745	4.031552961220379	139.59768488243566	0
20.3848	3.851458560047738	147.76622012271787	0
62.4215	3.7216700815037327	269.5202077152102	0
185.439	5.608285534233041	514.0183644386562	0
51.0242	4.595740304538488	186.47613192972813	0
30.8602	4.398184739523073	82.53886229283195	0
12.7299	3.767567838723285	100.32096619098871	0
11.0176	4.087891995649496	110.57511754530265	0
24.5688	4.4996602305800675	121.01873490216582	0
14.5008	3.610296517063937	188.6491127261072	0
11.5593	3.6893854536918083	107.86814807649709	0
23.4843	4.613573321231428	210.87712282050597	0
20.8944	3.23313298041791	134.29676427494445	0
36.8178	1.432670209528868	101.08184930259732	0
19.7514	3.834582109241972	95.89258981984896	0
15.5942	3.8595933648372283	128.05889101074237	0
63.8959	6.233761579194927	148.6869116258726	0
57.8384	6.069092753174283	204.71887949174965	0
41.185	3.9517352808659894	274.91556877413745	0
65.0311	5.667957457041095	140.6474561796237	0
215.132	5.118404148179313	506.55882715194105	0
23.2152	3.6785087527497695	132.59362090621062	0
11.7953	3.1069023007183536	67.2405002350501	0
37.5746	1.8721556785042563	231.71147279468553	0
19.7164	4.142419734062847	81.22720590239453	0
12.976	4.267202694867497	238.01058981816337	0
20.6429	3.1642176617990425	90.74219133477823	0
35.2674	3.8372686039218475	100.35624475730198	0
16.9058	4.175939772947043	147.75432538871914	0
19.2137	3.7775680913073724	167.03346016299403	0
35.2023	3.2182866514816673	107.10479943571346	0
35.2773	3.9740724227164805	107.14299465270703	0
17.5294	4.4509679478807	90.65631322659166	0
114.742	2.996279902004125	359.936535292126	0
36.8146	4.509269684758387	149.20495859164703	0
68.9644	4.54495009855994	384.11817502094016	0
19.1327	3.355872334854589	124.91859418632237	0
66.7149	3.9047431755613475	216.93778086730404	0
18.5371	4.0504080970815775	108.28005197855929	0
56.7295	5.269792906643696	109.51089650742485	0
12.7481	3.378475442251431	110.42122542816837	0
64.1206	4.343251737323163	264.97563270251027	0
92.1108	0.6330622587621222	297.2050352510669	0
17.2491	3.378925066589253	81.08452777513227	0
54.089	5.149111411634968	174.22536131304187	0
77.2088	2.6656209074572295	280.6823607931627	0
96.3501	0.5684933913327399	212.7102089473141	0
95.3891	0.64252808445468	176.06848547683794	0
10.6666	3.4024188177151506	77.91003052818938	0
12.2637	2.901960459463395	63.24829477811555	0
14.1683	2.572215209325417	78.51557737838773	0
14.5331	3.3620236132926418	127.93613885422913	0
31.3462	3.919648675554543	123.95319957079126	0
48.7767	3.994245522672587	106.95976343081675	0
25.1065	3.1443558784388577	183.89395718358986	0
97.8392	5.8415145796106565	190.93825332765846	0
32.0895	4.149569789148442	121.21120844575357	0
27.4569	4.5655046323569985	76.49734523356742	0
44.2345	3.2286351126497053	164.45087311027694	0
10.6842	3.7964726035946836	79.76126700881261	0
25.2865	3.556327764294615	102.15009918349911	0
12.0398	4.544509129864852	266.4471483342361	0
11.7931	3.445822121526298	93.22501740613984	0
30.3976	5.207838293781787	351.60189658622437	0
10.5852	3.7512622586902666	115.54908097311214	0
11.4577	3.6922069408595544	130.715948233115	0
21.9464	4.794450796597872	115.93687198030273	0
11.1862	1.9647328406487028	143.61878996694546	0
59.5703	5.974959684804768	225.1783477317593	0
51.448	5.532208911939676	208.58908040106033	0
10.866	3.4923030117219547	90.1148801518129	0
12.1726	4.340131187609171	108.91127635723402	0
38.6556	4.407405466463121	131.433883135476	0
13.2196	3.2753277969201915	101.1370251936866	0
79.0047	4.693682705223624	195.05706684900377	0
14.9333	2.7793473443434524	147.40282354489824	0
11.9541	4.1314725228346845	141.92390646098605	0
37.5833	4.520701094560742	98.83403781961962	0
80.1495	0.8745833172879757	232.47115821734323	0
38.3545	4.061551594988052	126.81832537669783	0
51.6241	2.309403949589182	106.35876855025914	0
79.3929	5.6859954531447325	257.12390931727833	0
80.3748	3.5169397436365593	283.9624863239157	0
48.8678	3.779961464393629	222.25302444954926	0
14.4679	4.031602534125079	131.70246000243085	0
28.6658	4.493097498566367	183.8756700434995	0
47.6245	3.3531322330834663	310.06717854927683	0
80.7883	4.273108422150788	236.10102306510666	0
64.2283	4.3033725397002	183.44333923066682	0
33.2178	4.33936679044132	148.8399626242482	0
43.8937	3.4809175654824114	113.75870691460196	0
33.0606	3.73234122723258	128.92922609531595	0
13.4934	3.565773174339753	118.78749537997386	0
27.485	4.943020869199306	94.04651006070138	0
108.799	6.3636166078733405	369.8683761713996	0
26.7254	3.2367834238336064	121.42398368377147	0
86.2934	1.5590234461724117	394.29454671904864	0
34.3261	2.5833478410896986	205.7955240353395	0
38.8007	1.2304787427171697	206.74955740830868	0
11.6914	2.078954106148948	114.77384360597452	0
19.1638	3.691817395212862	199.77687333112704	0
14.1533	3.1713109719220225	197.09528476293693	0
13.2021	4.0377915406563964	110.439622838604	0
13.4962	5.162141654013768	203.54592992809512	0
50.3753	2.3052942411769126	210.61655447838	0
15.0787	4.2360656671881385	238.01520901555094	0
105.222	3.500504101280821	365.5832507381869	0
15.8603	3.5794120214602	77.04124555067692	0
10.4138	3.2321163835488456	158.9568488756461	0
53.0389	2.278096336134053	264.1015957330745	0
26.9683	3.089894771693532	120.0089213405732	0
49.0261	5.8038632118179	165.93152395132	0
130.857	5.645879451535103	271.60354316156895	0
13.9926	2.6391966745497286	107.2150243396391	0
11.1796	3.2893847152184863	133.36849291811015	0
21.2816	2.9919398605348	186.66744053240888	0
38.9646	3.4401342742685252	167.43525036060953	0
32.496	3.2530631128492993	161.32585486352613	0
21.9858	3.615786298636954	95.14191117051534	0
16.0715	4.384444576373059	112.43738330935278	0
30.0875	4.011270195692257	88.25275338125256	0
15.9377	3.9934096336194957	142.74420869631595	0
12.0905	4.481385176782842	112.89418800165747	0
13.5778	4.087019964948776	111.58887065865615	0
36.7226	3.741500324656615	199.42312880762123	0
30.0148	3.6973837452177873	275.7479746132453	0
60.2231	4.47875613793658	187.28554281754103	0
22.5762	3.835683775114299	188.92246822882024	0
39.2849	3.9347053081566354	170.18496718136387	0
12.83	2.193200703175201	106.79482140781687	0
27.5027	5.031874736205503	108.52497329678644	0
15.3195	3.134449107124353	76.84021673665713	0
54.5136	5.161975525197299	152.4737806387518	0
53.8973	4.743002672651626	260.2722622960426	0
41.2157	2.717726178058036	217.03938725521107	0
11.9961	4.20571697679524	358.86402234372656	0
15.8412	4.317371593362345	235.9725723399156	0
28.7756	4.106560201889901	105.64785975393207	0
31.0801	2.014294433752008	163.4073424116248	0
19.1223	2.463474403851772	124.11714522168602	0
52.1668	4.705297215787948	164.0928785682974	0
56.4039	5.026544766449115	511.7041927142872	0
27.6852	3.6646635730991735	158.27800599747633	0
11.2244	3.408157311652364	121.32710645368618	0
45.3598	3.1597069241404343	126.69365476890705	0
55.3514	1.6090539908845227	122.05454653739162	0
12.1749	3.3612028977162063	133.69053570332426	0
15.3318	2.503285327047783	199.25770117928565	0
44.2624	2.122811772582091	261.8297396408076	0
22.5251	3.7970507614585283	98.89650670172941	0
16.4479	4.840867272803501	225.00019026687934	0
14.2929	3.620606014379817	101.15484070971388	0
14.879	1.9433133188331657	211.59653311822552	0
15.8032	3.4709429014997393	81.58655871161561	0
15.0524	3.632318950697341	91.39217279863249	0
12.9977	3.744975102196899	96.14470695351979	0
62.5642	3.912359137711094	195.68816364493685	0
31.7152	4.060320858052477	170.52434620012917	0
15.2603	3.2042442905136252	124.11456133755594	0
35.7709	6.100169985293675	110.02741530932185	0
105.436	2.977941979958642	322.44066014601816	0
37.543	2.1424386129616417	119.14584955396053	0
10.3736	3.765523115712928	113.1731016859881	0
77.1672	2.895945318029858	225.2086332323874	0
22.6033	3.571854737965277	97.38205724156438	0
17.8935	3.5983873137686273	92.86146462097987	0
16.572	2.113732521317572	159.14364367106873	0
23.2664	4.49824351620685	111.2360275818353	0
25.6036	3.658819036773758	119.87540538229264	0
12.7513	1.730994903855807	179.70405212760784	0
48.5664	2.92541941334999	164.2037753892678	0
15.37	4.239782572199783	107.90702873954216	0
14.6573	3.996116663320143	111.68509880035667	0
21.2726	0.9350060087813963	270.8760056899243	0
84.7175	2.2492519092047223	344.80915702229896	0
24.441	2.818999813637809	131.28366185667886	0
17.3564	3.2881444263823028	106.13453875785204	0
47.049	4.691340120903943	272.5222192135074	0
14.1638	3.709496748839735	104.22365805932247	0
82.2761	4.469609186713756	248.00364558620817	0
32.1725	2.7361373984015613	112.40339570221123	0
18.1115	2.2674786508163995	190.44837426242736	0
37.929	3.0831655885839155	329.71493986404374	0
33.4167	4.544982164020116	111.94178288292167	0
56.3084	4.9559212644395725	225.80228926925764	0
81.3152	5.6211528807136455	200.2819360123229	0
50.218	3.936252962902156	150.69187859301843	0
45.691	3.6852928428344796	165.94685434889567	0
26.9441	3.056485682237402	105.45110553815738	0
26.7712	4.675578006849958	168.1582593309749	0
12.5541	3.444387590687349	101.351799963797	0
14.1608	2.7216229487429	150.4016710618768	0
12.8178	3.3676759783372368	165.67175047720454	0
19.3343	4.034475958339587	121.81542446524412	0
22.376	3.7899898481874597	92.35731596727028	0
18.2152	3.3640883447908907	201.24751682144154	0
18.5376	3.4547061633340044	207.66174113395115	0
15.9231	2.0719678273454174	63.53948295516341	0
19.0422	3.427268083867383	75.9942973162296	0
56.9776	3.6246479501292264	182.7487979819468	0
40.3833	4.223109998710572	136.28354597638472	0
13.4024	3.176575957399947	79.19720947195792	0
16.3464	4.365510823004909	530.3164406765356	0
21.9453	3.9323955445583167	210.81738693064452	0
24.8365	3.0977246885935963	135.90680247577743	0
40.0242	1.553334520691218	262.05083241331255	0
18.6151	3.1186089448892615	118.57060696183311	0
16.2868	3.7029397314486503	113.49407624258588	0
25.3406	1.3578336931487593	74.0847906665356	0
57.5469	3.6095878600333307	152.93978719598658	0
44.7999	3.50820179938303	134.60116233996644	0
13.2646	3.787192344486754	155.3283405561522	0
13.7576	2.9104811268067694	127.05392203758372	0
20.4807	4.710248788715226	98.56251622092759	0
25.2901	3.32188331431253	194.23739006612502	0
30.2004	3.6736743970339605	116.62932581737536	0
134.311	2.750349274820874	643.9077884973954	0
22.5101	1.670024503110064	239.17835115965988	0
35.5463	4.70514681582541	166.44731722324252	0
20.2055	4.022237332744026	116.73956317682963	0
12.8546	3.159040102061061	328.04391676607344	0
11.2426	3.4236966648221037	162.2691867915279	0
36.1596	0.5624825278381456	146.20725346294688	0
18.7096	3.4500856940738784	363.6917436339406	0
20.3796	2.9180222091103074	143.45846796741696	0
23.8467	4.325311919628583	136.68941026619288	0
46.1729	3.8765071671419062	95.6800940418058	0
22.6247	3.005920410090061	139.3958401204283	0
10.5716	3.3810804940099284	148.09451615761975	0
17.1947	4.81788810445785	185.80499590353725	0
45.6966	2.6171583724988614	151.18833736913007	0
17.6602	3.1516012156273834	142.8363825823267	0
18.195	4.678992547411446	165.6155654328527	0
16.3926	3.184943276516082	96.22920273149934	0
15.0173	3.54207698057171	82.37180403580544	0
22.9911	4.493781660236203	129.42074690311048	0
15.0105	4.265888159017177	196.55136097326803	0
23.8733	3.1944466701327525	182.70909936934694	0
64.0699	5.489738024463986	196.42950724284657	0
36.74	4.931864529875751	103.20718584172272	0
25.5886	3.164190659812958	150.28418099998382	0
47.3387	5.34707219113912	276.83853021651794	0
11.1662	3.8388699589158426	137.21363309248068	0
16.9189	4.012422574660975	91.92259007124638	0
15.1838	1.4616527822392005	244.60628373637994	0
20.6566	3.3172582344622383	266.6957519359999	0
51.0946	4.584299666064482	149.8102539061785	0
13.439	2.9987318250560593	114.05133850569882	0
20.2496	3.6818528693274852	131.61269735854333	0
19.0675	2.7490151384979113	91.95383064358974	0
31.1748	3.9731385098244436	147.96863946495557	0
17.9686	2.3620710653079424	112.62179687615979	0
52.0278	4.281098952791086	194.80271729648922	0
11.2616	3.2997411997003647	98.67946409656619	0
35.2437	3.5371250860535026	162.28195243594377	0
30.4837	3.6872231153587656	168.07289712166443	0
20.6224	3.6282870655088697	111.48242562930757	0
77.9797	4.96507430937371	335.68397219223914	0
56.766	3.3869983284613534	359.0062850264184	0
17.025	4.106604672633302	91.81644969961266	0
15.004	3.276899106329341	77.34443307355598	0
59.3017	3.424194290513062	286.8140126729059	0
12.2078	3.1100663043615326	70.30416538536463	0
13.6364	3.967399946330216	118.93276877920567	0
22.3782	4.68097814268568	155.3313789066923	0
64.8012	3.663165309104084	357.6848658018698	0
30.7467	3.5430974045127783	115.82444926335674	0
13.709	3.858865573424915	107.74428577293646	0
10.151	3.595364618475294	118.64344140139227	0
23.5159	1.9685019076701447	80.78240010087539	0
31.3284	3.6573125610265063	281.3966702729634	0
21.0229	3.9494135728913653	114.07110408921447	0
11.1383	3.2864415491707586	63.0865993085839	0
37.2568	5.074520831753311	114.3380989570401	0
17.0895	3.7627724318595197	188.19694342685324	0
17.8677	4.972827790096888	125.65862547748324	0
37.051	1.4601196285609614	143.1662244564964	0
78.7366	4.326934503498869	220.40778901188216	0
65.8797	4.558305266030471	264.6474241909411	0
13.7667	3.4268419395122383	70.64656777529105	0
11.159	3.6498876680931205	87.86482221671423	0
39.4606	5.061781937024278	117.55711097883562	0
22.944	3.6166676249473957	130.52521633019592	0
32.7753	4.704839232806229	164.144483231603	0
33.0878	2.146966942763422	148.93436043492449	0
40.515	5.576151549153663	120.52493968298046	0
48.9716	6.213602504980853	286.2960828386242	0
20.9322	3.621022579500847	87.00340727523262	0
48.5393	3.39325677931777	236.82304585822254	0
35.8556	4.259262292275506	170.6994432061896	0
71.9727	4.413800861176701	187.45918338184342	0
41.3552	4.719749480560309	178.94522214332912	0
54.9424	0.6510285826369225	134.290663866452	0
22.5288	3.6531737135860376	439.53801478385907	0
21.2344	3.0407637411775603	171.74408636485865	0
32.8863	4.402876074581418	192.75513846792026	0
34.6231	3.587812987531664	170.6456077948278	0
13.3139	3.4612408052474017	104.0897190639417	0
11.2339	3.2714090411571553	133.66529061070864	0
48.073	4.685481737988421	140.14002165734948	0
30.6685	3.4787760492835686	292.30997804438687	0
82.2589	5.5371375117280355	179.73220398441796	0
17.8563	2.6669268730460027	119.19817413244459	0
159.071	4.713670993533509	430.09020992938224	0
19.0036	3.270732795144538	138.7504106222288	0
43.0095	2.1890658411523396	195.55047001509763	0
49.1355	3.9013116171936946	288.98700244031335	0
24.8066	3.933721631161377	127.52422213842904	0
49.9068	2.9275089940475905	135.66943575500122	0
19.5671	2.332671597715375	66.8252936099124	0
39.8831	5.523726017318381	168.2875356034044	0
19.5236	1.6963227103918181	107.47246356100527	0
26.7113	3.3704952495384117	355.5362056288384	0
29.2705	5.547085216697917	107.88246832246247	0
27.0856	3.380469114807216	119.96536566776265	0
17.7413	3.9988822790813012	94.03241475891117	0
103.681	5.746402896857142	190.2081286298969	0
38.5523	0.5516282363476329	80.45162968501073	0
11.0062	1.4870440729474026	71.25500574888336	0
50.7613	4.959155358456275	228.49760874023252	0
11.963	4.268475430149636	77.25129815709184	0
13.1036	1.864677097219784	92.00753915062339	0
116.78	2.7956021736452303	305.0766878197585	0
53.6953	3.5692305455854214	174.83598347592795	0
21.2826	3.394572544876905	129.85503432516123	0
11.3264	2.978545077031997	104.7243751694127	0
12.8704	3.526415668615372	81.42934117435497	0
11.6711	2.930950307353602	162.79699700532072	0
16.0971	3.2664495272307517	81.9216183410356	0
23.8041	3.3695115198264807	139.05993182333293	0
32.1665	3.869179909590343	133.5118335193993	0
10.2139	3.293429410764712	98.00668289220845	0
14.8453	4.698924221026393	139.88391410939147	0
43.3502	3.7125788298211257	165.25933805113706	0
13.7975	3.466002587012353	93.48778430658308	0
13.1111	3.1664292763689104	301.76891788431016	0
35.3476	0.5269441278513312	95.96909238395453	0
13.4815	3.6932667598510514	91.3517856089606	0
21.5789	3.3016037784282872	99.848318312911	0
58.7405	5.655784475563309	244.26527601806197	0
14.5558	3.8872998253584496	114.74484378671607	0
20.7459	4.1461869826668085	112.61542370637468	0
16.7667	3.3062710994201607	90.38851008328666	0
16.0474	3.5716834503043877	145.71122840606728	0
21.3245	3.6357681571687954	124.05816584433036	0
11.4336	3.5294389192822133	66.05978108644244	0
22.3793	3.1866479359227933	139.65283029742733	0
20.8732	3.3587791744730158	110.85687494400162	0
66.0304	5.770357603656997	122.8841758763003	0
15.9496	3.001379801108151	154.52604830759702	0
30.9312	4.849143173468896	158.72821915727997	0
25.4757	3.8397294814787695	196.8209248182469	0
60.3642	4.387930458116112	128.30516298819592	0
57.9925	4.9497337560503185	199.5555769952822	0
10.3043	3.7479967869229434	109.14618703965935	0
21.0478	2.9010159425666733	155.25425520511314	0
12.4552	3.6607652170139553	135.63292001192008	0
18.0685	3.5828717466123297	125.67272138721374	0
14.9286	4.309760436524906	126.26394670926551	0
10.7175	4.275680188158085	138.57601275990118	0
42.7725	3.4235463177046404	215.08826892606587	0
12.1023	4.0790708578387065	107.42263529219994	0
26.978	5.218680112410038	158.38199562443458	0
16.3935	3.1842769451817907	140.18398552941062	0
22.3356	3.0658257519385774	105.09267355295275	0
15.6205	3.7170496774385464	148.08979272473306	0
11.9681	2.932672432669083	169.97944905207925	0
26.0162	3.817209980509325	120.67565533184232	0
13.6371	4.197674587398503	113.18263445028983	0
15.2831	3.3227511286042373	131.75084220398745	0
56.5009	3.7060461478511035	387.2920774745792	0
29.6972	4.4205218420888945	149.40010424226085	0
15.1956	3.5240546248552955	72.79737661245424	0
43.5526	3.5219002295862003	183.84548253808796	0
12.1779	2.8879193327338717	85.13511352237924	0
10.2629	3.6066483092487056	87.83232862631506	0
79.5276	5.345771570894674	180.99751744697357	0
17.8476	5.297059579682769	95.19690871805817	0
70.5235	4.167373424892471	169.9597615369	0
37.9171	2.099944714430111	294.22891975789867	0
117.21	5.7267625832163525	200.01468083015902	0
36.6343	3.063559334398053	270.6305248303976	0
36.1512	6.030608727996008	97.8627719255571	0
19.5484	6.006991644598923	121.74276639775853	0
12.2292	3.3022306520644493	140.12079585196767	0
19.7542	4.000335939139612	111.7368299787983	0
51.9406	5.477343313927664	210.022074047801	0
68.1779	4.622321802266906	487.9367054265952	0
27.9598	3.042816218834125	191.9204566313607	0
29.242	2.2388414386025643	130.56799860912324	0
36.845	4.469523863404356	193.17921300591476	0
33.5385	4.002844613258925	119.02906584589161	0
11.192	2.6391754738254902	88.8090168067128	0
20.9962	3.3771466326767636	96.00054583421698	0
11.1611	3.2596369740902635	79.35811962927107	0
32.0066	4.002389632519053	258.00118012307445	0
80.4949	4.0958501287644795	230.44966197753268	0
19.7009	2.8842084406852417	72.92414118155592	0
15.5745	3.616822684505063	260.35088167879627	0
62.4147	4.319740662754922	155.14563610166428	0
62.8979	5.982710741879471	330.4375754657451	0
24.9634	5.365502222935462	142.5303098868764	0
21.8566	3.9004473541013	277.684666859876	0
22.3934	3.454874393809419	129.45015627078246	0
21.3387	3.5882794215891267	145.4938856204037	0
11.9349	4.6235484985771365	164.23435345071871	0
29.0507	3.6019621748816513	104.2351542141378	0
14.1088	2.8703240784412563	77.4919845173636	0
28.3978	3.026885732845147	95.18472440881676	0
29.5977	2.7735935916696164	232.6672248828863	0
22.8147	3.6169515632366958	164.89363660397453	0
21.4756	0.6443315019312651	72.40653139296968	0
12.7735	3.1721555750058985	74.32665353696152	0
17.0391	3.9994754665277683	132.89235350496844	0
18.5351	3.6460985110614743	124.22945784900053	0
15.1571	3.034755794675023	211.2434986361426	0
13.1639	3.884948137623511	100.69208951900393	0
16.3818	4.238277597458071	215.71404184889104	0
15.5684	3.1862784608152483	253.15615847051276	0
13.5353	3.6279150566820055	76.17303725094061	0
38.7813	3.47482659584446	229.10549815572398	0
30.7259	3.7157685473917765	166.64451429764617	0
98.0312	5.419688627974705	185.703187222211	0
61.7761	3.8182036503871823	376.0856861053836	0
14.3337	5.995015840836465	178.71669215574548	0
40.9799	4.230858133109641	107.30408961171959	0
12.0479	4.434583665643484	327.5404917780991	0
10.407	3.5915287905304334	129.66396262595055	0
15.4852	3.575031366200193	229.66632127882835	0
32.305	2.0286303956383533	240.63063618093173	0
27.9927	2.854102870634157	101.93142926430895	0
23.9354	2.0160938992539337	144.6565753679811	0
19.7531	3.4819552362365473	84.40026044847848	0
27.7534	3.2204413246824606	292.7014668322146	0
40.2371	4.183295503700879	177.37208678754106	0
12.3171	3.358463994298584	105.52148787451019	0
24.5372	3.6329900856992436	110.32345228636756	0
18.5826	3.7446331023321906	77.55813888175847	0
28.4406	0.5372556582121776	106.22546489864668	0
48.8152	1.3571800175871849	337.0892035731668	0
24.8165	2.05720853971985	329.6188897079794	0
23.6149	4.073310183889496	135.9418743876599	0
22.4987	3.667460532742916	116.34955290684141	0
48.9504	3.7121798675527566	165.62220325400187	0
74.8699	1.924080864958019	422.1911730173785	0
24.884	3.349464454231061	190.6841247006208	0
15.7586	3.59406474415707	124.61394986187702	0
21.7662	2.276042481334479	199.34883061203755	0
18.2099	3.7567472687122505	80.25405177777631	0
14.7466	3.635261272410691	90.89566990772552	0
27.9122	3.8093659907942556	149.6026094739617	0
73.3891	1.1256656775410716	192.36385053361766	0
70.9557	4.754314222112441	505.01604118562295	0
58.7193	3.954508161101773	217.7633405659729	0
16.1629	2.2182081272393113	225.38105668781728	0
36.3268	1.5497766796235293	318.28649778537573	0
30.7315	2.534734670259591	114.25102742802775	0
62.4487	1.8953024076346556	161.4691994663598	0
27.4555	3.9339839106292978	176.96010509439665	0
16.8216	3.8112222883171265	168.05524842469697	0
20.1036	0.6567413235975316	276.4391838782243	0
19.2664	3.7548167996834416	150.17002547336133	0
11.6062	3.675089831035328	90.11860397757168	0
43.7776	4.460650030792167	127.98641482764137	0
17.6456	3.8043084478359535	102.72137256444931	0
254.672	0.4020048305955851	369.5991687287049	0
41.0361	1.9597583459436316	219.71347391692754	0
12.2173	4.121949133206765	113.98840248272674	0
37.7366	6.007446951908938	479.86214783438083	0
26.9081	4.381361787871957	124.67255779546525	0
28.9837	4.687861629614579	185.44754964938792	0
12.1637	3.5632543670822403	264.7681395838185	0
16.7045	4.261210165043291	102.46194534144615	0
12.1379	4.1184169353838085	176.18039460256753	0
46.5695	3.71150787200957	261.92674209408256	0
53.3951	2.7711253874531785	189.44737543113177	0
14.161	3.6201841558231758	166.53674144203728	0
66.3808	3.925204988779694	364.9139631902018	0
32.6145	1.342224157530538	209.01397500764298	0
12.7841	3.774433307211448	177.25122884437314	0
26.4412	4.4336323030280935	73.11733569333472	0
19.5522	2.456277590955408	145.16552586823636	0
18.6782	4.372715002752866	163.46844971259014	0
25.8495	2.914462802719225	153.32981336994968	0
13.5721	2.6506886898096136	164.56849667119124	0
21.3488	4.533785027663756	137.14979218839525	0
96.7076	0.46829723556305564	180.877606882223	0
14.6973	3.4981952387158493	323.44337551808013	0
62.0566	0.8828674516843136	203.50047779391087	0
16.8042	3.7839377690026628	91.82014326000045	0
39.3479	4.397972023686676	147.47639862899533	0
32.7461	2.2043412013567316	220.02916759631574	0
50.1498	4.763960566541352	133.0394295234097	0
13.6581	2.8033214499165093	116.62652029844283	0
50.3182	5.229097759606814	167.5707211215014	0
14.5824	3.0601879025758656	160.09699632152723	0
23.2056	2.5295768614533136	83.8478387035938	0
16.0157	3.658823654881386	257.582289945985	0
25.6955	3.2475271941586565	237.92502296523818	0
24.0631	3.270442677759538	96.89513965695961	0
25.3362	4.787113313932621	439.0143842936698	0
11.9711	5.904576759996697	103.96833953715448	0
27.4983	2.926832077499199	125.37480763353378	0
84.7505	2.5234932419808755	201.3005108117463	0
38.4388	6.182036681242498	268.06968840561296	0
49.2448	4.52448449172599	135.3462260326763	0
40.5918	4.580979281917895	133.88097588810106	0
56.1594	5.002842913886898	190.41583662878745	0
99.6125	1.289018627375239	214.30737336132415	0
24.2836	3.582507995182199	231.6554920305191	0
13.0272	3.750846195582192	76.54492843751049	0
14.5548	4.3604405554550345	126.02229425234846	0
25.1672	2.153582882658652	309.90522303381715	0
36.7212	3.9828186162914436	127.01821269546346	0
18.1729	3.923435623434395	90.71726607331976	0
26.9832	5.052162657565669	107.53371448881828	0
24.7912	3.2396618790562983	114.95581548886689	0
13.2424	3.0915324776647584	112.25210174589651	0
17.794	4.393564699623758	123.29417466746915	0
32.7918	2.79482645670827	118.86040265068262	0
78.5603	2.946286802806957	379.19746725002	0
29.1212	4.026218294857984	153.4851791528785	0
13.6971	3.851243104360455	88.66401788929082	0
12.6281	1.9019917816152125	111.81985441992624	0
70.6286	0.7270965918654799	207.93695381759355	0
66.9903	4.826627037977275	230.5726846344119	0
36.5599	4.025856574243497	113.45642604614162	0
83.7469	5.8911558013686935	334.9138570278334	0
75.0414	4.199637566897887	360.1620560577003	0
12.5106	3.452760767436046	117.80434002507543	0
40.1916	3.5148763084174006	138.38451378914155	0
25.2967	4.039088331540555	103.67077526703265	0
27.4213	4.423999277428626	154.32122713179774	0
17.4058	4.380449041888065	93.24391311975921	0
27.9107	4.688774811797213	110.91721336432457	0
13.4139	4.144138043565065	279.2260186426256	0
51.7808	5.16348380860641	318.2433244837767	0
53.3537	2.367787039486732	184.0276119690195	0
72.8903	5.487713673702554	166.64349528667478	0
12.6409	4.021114317940352	99.74352364045647	0
19.5123	4.227141401308629	151.6275304352491	0
40.8149	2.0164548410019005	185.30565619586764	0
34.539	3.540440913779502	106.16319244080591	0
13.7323	3.8901918572515437	106.9454834708806	0
40.8021	2.816627859453393	113.7745607247947	0
15.6953	3.733648617729286	157.72194152262233	0
21.1814	3.745388650388557	175.60652556906876	0
11.5318	4.438525376034251	139.7775421924133	0
10.1743	2.609545146449856	88.12146180073387	0
46.1033	6.550347831456717	263.79554444663086	0
15.021	3.293855833361411	80.63510344428009	0
71.8732	4.260168564616194	368.12398571926286	0
110.508	4.75340185046359	348.5014226335238	0
39.1421	4.699968434924218	179.0951614118123	0
12.9183	4.269219256447371	119.50700650555471	0
15.4646	2.8701432143695373	84.69216696275754	0
18.6679	3.9620584890652166	123.26016709621405	0
35.1541	4.56260336958033	125.30352585470375	0
22.3209	4.954987286449909	100.1791747120039	0
12.8705	4.1193127852014335	136.96774185918594	0
13.8992	4.90820692676623	110.21581490935773	0
20.6983	3.630696251854398	169.6784655113441	0
49.7301	1.1453366426514084	141.37874342244666	0
20.3881	2.623898058869856	109.62593458449693	0
15.5114	3.836396141431591	103.28045889331655	0
30.798	4.735295528450574	362.38089963864746	0
36.6635	1.7073556818806093	97.93266968441887	0
36.6856	2.7306797254357558	160.32207464455138	0
40.4507	3.9408886939369405	140.4815006939752	0
22.8081	4.126627809777494	105.55246829092866	0
11.4332	3.731658856601493	79.56934055125252	0
14.5842	3.5514313388023204	192.39373227326715	0
27.5607	3.1481538998220193	89.83405584392814	0
28.5944	3.990754058785883	119.34148267216224	0
23.4138	3.637026160703652	129.47201035424501	0
12.2687	3.5927118893148244	99.6179797240433	0
93.2025	0.6543979292448899	212.57647524961448	0
36.5078	4.4707465674293925	149.02643532076047	0
21.681	4.551684284223699	227.71507834784478	0
46.1032	4.635970892242098	317.5704524485551	0
15.1145	3.2808183235928747	140.3458861795383	0
26.2141	3.3593985882916604	114.62531689016178	0
33.5561	2.3168740615484156	174.54798866184737	0
76.9463	4.541214689029731	328.373834085315	0
12.7301	3.521247473412417	96.48209172691064	0
47.5509	4.5585133199587125	153.96024036750006	0
26.7621	3.6532217841685983	122.40304745287204	0
33.7174	2.475746719814844	136.71856722371862	0
29.5714	4.72318969725856	206.33216581711415	0
85.362	4.854206118758865	244.5580519403602	0
35.0013	3.430985995072554	150.41398347913133	0
13.7111	4.583222787474513	122.06752091468515	0
14.7497	2.8835289005640297	115.13910630621164	0
13.0315	1.9980577225345615	58.58112152031148	0
63.8277	3.6432783553550547	202.50900816963764	0
124.779	5.077529586566743	194.69889105680528	0
14.2398	3.4533053192373546	169.24978552133857	0
14.7108	4.0755796124605395	339.53841853045134	0
38.5454	4.007521796171119	179.35203546093362	0
15.3062	3.6612177933540915	101.62395713416153	0
14.903	2.9663815936607003	139.50395600402558	0
52.6823	4.887802653749764	164.0872993117688	0
14.1952	3.3922852046757255	127.5897049245124	0
41.955	2.7141188143984114	241.22429800496874	0
20.5591	3.3439310535179008	169.0616215874093	0
12.9716	4.021337386801187	90.59860263286063	0
25.1813	4.187543056566876	165.83821233569302	0
12.5802	3.1283876761341833	131.62560641448152	0
27.537	3.2669909574509086	186.86482637630095	0
12.484	3.4468062411747202	97.29225981428678	0
36.4435	4.662545844332364	272.1104189642874	0
10.4895	2.2034202371791602	132.5488012946084	0
23.5039	3.9887353845252758	119.52491519189253	0
56.7506	4.312536994594568	147.6864987601111	0
17.631	4.184163073718322	90.35600935684742	0
10.2249	3.4999134583095053	140.7789050814965	0
11.0992	3.4995685311713247	99.41657623203683	0
31.6635	3.1841421931206746	199.1151827106612	0
52.374	1.6585839747378812	302.9381848457246	0
26.9285	5.1936133070761485	105.41659441178797	0
35.6675	2.262533148769759	102.8365647159628	0
34.2752	0.6446258486459158	109.86242614859326	0
45.0995	3.8540177629357126	266.0321921959115	0
32.1151	3.9481824067240114	160.93990749466215	0
33.7211	4.03813018525553	117.51379928585578	0
17.9105	2.985965385630816	202.47888938453212	0
12.23	3.323871792545583	79.36151836218043	0
26.3215	3.9901544158171376	290.5923235316733	0
19.8507	3.4787407419273135	128.6206999196004	0
17.8223	3.939930029976963	214.53246774652456	0
28.0818	2.100347237879079	83.80914840915759	0
11.2184	2.9493654624326835	259.1559843057032	0
24.5406	3.8654359907779217	108.90354263200209	0
70.2731	0.1075725378460131	157.47480977309945	0
13.6345	3.0005615445224283	158.13389070384878	0
48.263	3.060989428007524	175.88005050357478	0
68.7376	0.5854149137082177	137.63829385901292	0
11.5345	3.0639809233454764	147.72407613037356	0
29.3601	3.0479805879170865	137.22696398497564	0
67.3846	3.5017684655158168	211.92926574411567	0
15.5981	3.16301659608561	83.71715012834345	0
21.2874	3.060533299264035	89.00443657942617	0
89.4491	5.188334960142109	239.75137279754605	0
60.5453	2.829693604729412	243.0261031395598	0
15.5684	3.337948565973618	140.69041202915002	0
13.335	3.4409081508643906	124.12627565350017	0
10.8181	3.763405278959807	113.25182051354628	0
22.1432	3.9188145156196597	173.27817542531545	0
11.1872	3.5735069384267324	79.66442716855623	0
19.7753	5.281172653728453	163.60060847540842	0
15.8124	4.658968487617656	227.0517550515765	0
21.6782	4.144040532862743	98.47917237183049	0
124.127	5.569764065063208	326.0035804225162	0
11.3351	3.6605931749187945	124.26366939815117	0
12.4178	3.7653552326253283	197.98763098770362	0
21.8319	3.7765658386730134	80.31242587453328	0
11.1189	3.257241462559103	129.54056649627367	0
165.769	5.236660004485411	303.57067345252534	0
37.9775	3.5111012140300617	96.71353268000472	0
22.2898	0.8541243501715657	75.51605269768427	0
42.1195	2.883910315082631	161.46651949983317	0
14.4694	3.3754783456771458	85.42684454450837	0
83.5758	4.564874356065236	233.44431962253094	0
25.325	3.7401675011888607	220.72017289165535	0
36.4548	5.313388649910714	379.92664229164694	0
13.654	1.0979998520765275	154.52821958480396	0
13.6497	4.1446093201657614	95.69773544161588	0
10.0974	3.974226978996863	99.25843822826508	0
13.8775	4.35154431090485	78.45498280861077	0
31.5781	4.236267191969954	263.6900549528852	0
31.5215	3.794958534557634	135.7915458870323	0
11.33	3.3017464714729123	779.4788642493717	0
46.9063	4.6570181297912105	134.5464493296196	0
21.5319	2.796913319363624	140.98870751267953	0
12.2817	3.6719344154675273	264.28052705712605	0
94.6398	4.627312997115288	200.36237142758722	0
22.7462	3.381515286721607	110.1719815219205	0
39.8692	5.595983842178302	214.23667178544176	0
25.6737	4.099633062985515	157.9490307393872	0
57.8111	5.910620602381957	154.1191816293024	0
10.384	3.7903854081252617	96.41104110733518	0
25.6142	3.2407007674536024	188.80727265072997	0
15.0359	3.593527290614847	75.86636840362335	0
14.4115	2.9488512997859018	197.62546447547564	0
27.5351	2.3567525941641874	94.22281943067505	0
23.4836	6.525553793638098	231.99956380620634	0
23.5818	2.8605532359056958	117.4224572430402	0
20.065	2.9049592735527296	194.35079848303786	0
39.0278	2.537769346160522	207.90638820969403	0
24.9068	3.8659653915479737	95.23985791156451	0
55.9788	3.8525841082314582	191.35207650258212	0
15.1883	4.516011820683466	123.88237488116178	0
10.6831	4.3349378351917975	118.95939516149994	0
11.6863	3.4385225936412778	154.26335532217303	0
60.2226	4.713746273148885	170.77844190999605	0
14.6667	3.2364088910110786	160.92815033772055	0
62.4579	2.8963677838084565	146.1384349060835	0
22.4028	3.805174492766397	91.26903306530807	0
44.6484	5.26133882302979	126.67851806256023	0
12.3114	3.726574240492339	121.60075022564125	0
29.4958	4.112451546608178	143.14325607913554	0
17.3703	3.2419571670759257	120.7165345063712	0
13.2758	3.226679085267079	90.82607772706857	0
34.3823	4.535102300745125	121.66616052854428	0
15.8244	2.1977871009922	255.2322903676521	0
89.6828	4.257308172389713	254.8084474308888	0
17.6439	3.392950788900641	89.17530676774763	0
13.5294	3.79394401525431	75.97144574785648	0
41.7093	3.0226481623188173	330.7419851521479	0
32.2993	4.367235815447955	199.32844789515119	0
26.6526	3.4138937983774484	170.57373139911408	0
13.889	3.5985592988823494	87.25300207992105	0
20.6994	3.4172995050366635	211.87280143150608	0
20.9897	4.629584983980844	167.30340099935205	0
29.344	3.477756505669279	138.6721651189597	0
21.2116	3.5460735578800078	95.30580514562112	0
89.6643	3.534677283071383	245.46091110154387	0
45.3181	3.4578704653796866	347.2256697734452	0
66.1181	2.9110161545226876	355.2759559589137	0
10.7325	2.0788737390293814	76.76762943147978	0
29.1935	3.040227741694691	217.32042504403634	0
12.2341	3.7838091439132633	115.57190665486142	0
14.4799	2.6959326436035895	102.42605855711281	0
15.591	3.1519902380876754	145.0782159518982	0
99.633	2.295495660570937	214.03191253252427	0
35.8381	3.374967018329377	207.46247226937214	0
22.0851	3.085179978867245	139.76138600082717	0
25.6231	2.852265048733199	178.67569189853444	0
17.2506	4.057819314157972	79.25331411523327	0
34.5046	3.3245128885016566	140.47164959898586	0
27.9021	2.902442334042157	109.038766296128	0
28.5111	5.023966797577232	137.84092266878508	0
28.574	1.5047973453301553	149.8173588670886	0
89.3706	4.73061015814971	264.50185769536665	0
26.2563	4.503898674775808	131.83040861760088	0
27.5827	3.198352294124116	82.98130688702781	0
23.7603	4.229545475813968	184.96867133462248	0
11.2689	3.941489046695931	154.25639338901678	0
62.129	3.8131836607748126	201.46641617574335	0
11.7264	3.639182049382772	104.64103296689639	0
13.4795	3.7724405295246215	204.49736864662052	0
31.6384	5.032792408867271	262.2296634912151	0
13.8464	2.628043673392054	117.03499774083393	0
50.7305	2.0788750741868016	344.51870817965846	0
15.507	3.4448456071303104	214.2127655431326	0
16.0275	4.138534865625834	97.3118385401251	0
30.7868	3.619107561883049	146.7154602136621	0
18.9272	3.2441060884180666	107.39149482301612	0
10.5521	2.3768522054645844	70.73484013277968	0
118.578	0.7022454507253345	410.6749860513906	0
24.003	2.948143043791464	104.49029866723092	0
25.8427	3.5305062648939964	143.31220158709448	0
15.0672	3.043310797780108	77.53428869163758	0
26.4684	4.053675888338879	278.4154837346858	0
94.5143	1.904056685072014	213.1006500122183	0
13.6919	3.6311567119119608	61.63643433813804	0
23.4971	4.088409698038967	165.8309094561599	0
24.307	3.584815542108976	99.57753654344494	0
24.863	2.7839827908459425	68.1094674356708	0
11.4432	3.3614943356926528	78.0026384618976	0
20.2004	3.8592714930384378	149.23255517738332	0
13.8943	3.296866475382495	156.18015461346553	0
43.0345	5.021468753925271	139.80095498865518	0
10.2896	4.657341868804416	121.42572446407777	0
26.9829	3.5122498133608504	201.8480696452653	0
30.9131	1.4336464381117795	307.1800126418133	0
10.9569	3.2229710038256627	127.99472379612953	0
84.5578	4.125485521632575	455.5130497730785	0
14.7256	2.9351670682603404	85.68137980685601	0
59.5348	1.6940749351693394	153.01087756780694	0
18.5044	3.563672891930599	85.41094338848853	0
30.0594	3.5892471168508915	206.49995812211856	0
13.2721	2.760163310472899	138.42006036153833	0
13.6201	3.281363300903453	157.01210217341085	0
18.1978	3.2724120832787853	120.61297650410548	0
50.8572	0.5822938962802433	128.27035383419664	0
103.78	1.904758104976296	315.74718731624904	0
11.8903	3.179054354256655	151.695164751195	0
21.1594	4.523103498321147	416.9653907020821	0
41.8277	4.495198215854295	131.86370356203827	0
66.4395	3.5516310676107525	205.7081523366884	0
32.3647	3.9364765571869693	173.5617226747349	0
48.4974	4.2650850274409535	355.3704221239686	0
10.1237	2.035225569056985	198.79775521257548	0
14.2914	4.6176982447887385	98.8002325266535	0
31.5205	3.9121646107014723	113.83256688094343	0
15.229	3.758999317810659	116.35521524763855	0
58.9571	5.211664428136474	168.42439219130526	0
12.5734	3.7810311026980656	104.81346700801191	0
16.8832	3.341098165229561	84.87038415544262	0
19.932	3.887314725825527	155.2637438103628	0
19.2955	3.0839085077039585	166.14588730838005	0
58.5215	3.6277970941743694	177.2011588469511	0
21.7022	3.3813580481827117	139.23893248364269	0
32.9716	4.054714708834149	119.97022136415475	0
38.5943	4.275381727625194	133.23840892830228	0
168.622	5.554623736753012	569.2589975936436	0
11.8476	2.9872138314256986	98.91529852028147	0
13.5865	3.4858962664951747	106.18350713736432	0
17.0234	4.575762063282496	96.99749831483415	0
25.1999	3.5280575234180804	99.47631835884359	0
44.2153	2.0131723792182545	260.5193132645593	0
83.5696	0.49529329809013145	192.09705478471034	0
19.1955	3.403102624957502	94.725905703422	0
11.1539	3.924514928719344	78.94952669189031	0
57.9374	5.739600863066402	179.4803519623248	0
31.6875	3.086046074102068	284.3052482031178	0
17.6796	3.9230072530471536	141.28356940669235	0
22.0502	3.3116899923067065	175.50342789745505	0
19.897	1.9704797809436359	214.56004517125922	0
30.0033	4.124924861386336	138.89537321732502	0
16.6685	4.832518402523065	93.22382165268222	0
118.785	4.91308772720887	232.73783268070943	0
58.9898	5.8876327973068285	144.11204428977302	0
33.4183	2.0442077485687093	193.06691636568394	0
72.4302	3.527036028693214	322.95359927574196	0
11.2444	3.7433919990479225	133.0378216002337	0
22.3658	1.793164988563239	108.74069698740908	0
17.9352	4.506885343973147	120.28454954995134	0
39.22	3.2534943819706386	224.23496130079513	0
20.4317	3.4467356904026936	148.56415869938985	0
12.1296	2.1224216257568806	139.61949938250248	0
65.4064	3.385059595900535	220.55457859292568	0
17.4671	3.471890180648144	130.10441497558924	0
40.4307	3.614267414305283	99.35195837586691	0
20.3305	3.572566352861903	194.52649837922206	0
12.1944	3.4880429916588005	196.2169942676054	0
26.2026	3.410219926112901	102.24068274529274	0
48.7016	4.853245793505724	230.3054509175915	0
12.3756	3.395866375381289	63.36723789471242	0
14.5115	5.285475056378565	209.67834567507415	0
16.4218	3.4172192339958984	103.14309156333702	0
27.8134	4.304413717558854	98.08735613620131	0
13.9636	3.4346144225177557	111.38332983373725	0
48.1264	3.64108612316411	132.12552729980644	0
51.0705	4.197491840389718	160.50494779131387	0
13.3285	4.0066041237785095	188.40370756685547	0
22.6799	2.96016019202558	118.07124528398268	0
26.5499	3.781453529099228	139.49165577610725	0
10.8132	3.3823273811164896	189.0793924790494	0
19.6067	3.2522050620217655	109.79519747127468	0
27.1502	3.0086350768454797	98.88877749435423	0
35.3504	4.046922590686891	101.24617244628013	0
16.1374	3.3456579911647033	133.3771134007308	0
73.6982	5.829834778293329	186.79361941122932	0
10.0938	2.484583791341383	107.87687530033766	0
75.1884	5.6507995579848025	166.6168698310885	0
10.1865	3.4569826454746275	117.62990923364686	0
19.3397	3.0512039938301414	149.9184744214668	0
12.8279	4.03162676996532	118.34680439879693	0
30.0436	4.639193859641565	88.10741908078968	0
11.6553	2.558845181575538	168.85984551624315	0
14.6001	3.9847524896652047	121.00391989687648	0
158.396	2.286647567367783	387.7318847904277	0
22.5429	3.454480212796275	104.72458662537035	0
26.3913	3.278387997489792	159.0118232661883	0
36.6531	3.0480792138769948	152.4974157078329	0
12.0993	3.7739780587942784	72.1280465888014	0
32.7282	2.5748831330302364	142.90098857912562	0
25.6671	5.997335042836828	129.47682311297072	0
22.131	3.921241463516369	87.27806084222989	0
65.8248	4.008505849722283	211.49254025761758	0
29.7427	3.7190182331454094	169.94780782013632	0
21.911	4.792158714716754	89.25300186400848	0
13.4488	4.49363982946394	82.0249738767401	0
19.2085	4.006742604509179	99.68140881002985	0
12.5231	3.143251948173013	246.0295499029342	0
24.4032	5.63926899357481	98.00100576053393	0
28.8107	3.4563469197190675	176.5618615253801	0
15.6872	1.9462212330051503	145.94869113178612	0
17.5517	3.4308968902308914	92.95977397584396	0
14.8371	5.135611340836918	152.10316801414632	0
39.7593	2.1450823492276374	226.329237503513	0
36.8164	3.8250212933394248	156.00815166140345	0
23.288	4.67222321470197	341.32635885927635	0
17.1117	4.128442629797124	118.83822979333164	0
38.9408	4.839801540765902	356.8754220538562	0
152.196	2.8811641459479413	708.3078092292645	0
10.017	2.505058502521648	71.65037535996375	0
12.0204	3.4696680429264353	87.14229077345757	0
24.438	3.7114898755169734	137.83115192147346	0
21.5173	3.758337489490367	110.79476236029211	0
23.0334	4.105429336001778	118.03821210940457	0
24.6074	2.1921939615915402	120.31341242430787	0
55.1006	4.159335188398186	168.76560303386793	0
50.9017	4.214262999704659	209.97788640328685	0
104.264	4.923905662690135	217.57692370962485	0
13.6011	3.802851048442573	96.58465409668351	0
10.5011	3.4367389855661705	83.40257974075261	0
25.0361	2.7156715343446827	93.14497981491002	0
20.3297	3.489987205436961	116.31228684429519	0
29.1578	2.4799024179711604	154.06081350081988	0
198.852	5.709834047627093	470.3515747888381	0
19.3066	3.2853986764590557	139.67709620457143	0
70.0861	2.3853407515145504	170.04381806122797	0
21.0979	3.542407823209428	97.95464305059714	0
68.5188	5.7593210375056865	216.07992090733418	0
23.4909	4.386542619861232	283.48155391076165	0
11.8575	3.387905055864704	88.55283408303487	0
43.4333	3.896101812547376	256.7430223826736	0
15.1688	4.658369373108745	190.67301886571997	0
15.7962	3.2548578570409186	115.55401174147963	0
30.4785	2.711639781734961	105.5052366366686	0
15.029	2.103358622759896	175.48658192224013	0
25.09	4.0136730249997035	150.60206490513735	0
12.2814	3.342386566575596	112.63358654544675	0
20.8396	2.005930871077283	187.04914082067071	0
39.7997	4.094258240965757	163.52950098199358	0
15.593	4.071158705730916	81.28224485062826	0
15.6065	3.5390930187608753	232.6057376288416	0
23.1224	3.8188828607315255	103.05344752968347	0
12.9191	3.3777906636371875	161.92836922078203	0
31.383	2.6336151845303757	126.80085529514382	0
39.4641	3.2757819849959495	151.374182665757	0
14.7978	3.3352155830458554	158.16305670203914	0
22.8826	3.536082960229441	113.81601316652022	0
35.4062	1.9162349135253258	233.43194161473363	0
12.5292	3.7300837338943698	121.09323191207508	0
13.244	3.6646076542915202	79.56133794875687	0
14.1367	3.949753287611772	107.19440009834234	0
19.9551	3.6419341761441117	108.09684431069013	0
17.5196	4.032171577751343	186.92599947700344	0
34.1957	4.202451110584851	145.60034584947456	0
12.665	5.316392055914596	172.53502647937523	0
59.9759	0.40507033718108765	199.47372365068534	0
64.3111	3.717551203912249	202.1819556088238	0
45.468	4.117177425739996	156.04504036921233	0
31.9921	4.292552114055854	88.56530402314701	0
42.6355	3.1954437604748396	132.5861843596911	0
29.1159	3.8127648332306325	150.7037115602167	0
30.438	4.335868676835311	103.17100025298436	0
12.4384	4.085215858084933	210.3611291505824	0
460.869	5.709979470823504	884.3157526794606	0
34.1619	3.410555176848288	164.95085925414273	0
17.4971	4.3901006504036895	216.32800115462487	0
23.3569	2.541730196193717	112.8013925833981	0
14.0447	3.547082793301928	145.20629136949952	0
24.5559	3.4711185201342474	133.4135399335611	0
19.6347	4.5149903383767915	140.4172133015205	0
12.491	1.5814836538191699	123.73307164605993	0
58.62	3.422505395857251	121.97187182681711	0
25.0194	4.100461768280194	130.51073962353752	0
33.9638	2.7865287803271364	174.00215023320376	0
21.0703	3.777887309494025	159.18804944634192	0
46.9607	4.574579911299183	141.93761423385985	0
23.7105	1.4160933091505656	83.91581196324984	0
11.6729	3.573234075064064	80.6279815666689	0
27.8624	2.5365064466126537	207.36170426971708	0
32.237	3.654817262570182	143.34459604483843	0
12.701	3.412608426659481	90.37548822605939	0
36.7243	3.791226935537909	146.7087207421563	0
41.3564	2.5042385939373575	149.2345404238188	0
13.202	3.91768597713836	65.3727513843329	0
52.8809	4.84678797690199	204.58624708310677	0
19.8045	3.3772780766957586	107.7658284319329	0
12.2334	3.606940565995647	84.62550371026204	0
17.6383	3.266977713203482	197.7432402332361	0
28.9851	3.5590309772727995	131.08613425910727	0
23.9305	2.7841277521063934	75.7643200627264	0
36.5856	2.544023707682969	175.52604521622283	0
23.3899	2.308445374739675	206.2581460476844	0
24.2562	3.569253602768091	140.55641599787435	0
44.8483	3.639638580926895	263.5850723549085	0
27.0686	4.37083296244646	212.15374197906573	0
18.8539	2.600220906663581	238.3143543182956	0
12.2879	3.4879321358769126	114.56511114159312	0
28.8929	2.6612979409833084	94.68772815677015	0
43.7607	4.425484548249851	243.48038810498866	0
17.3477	3.952867175511733	86.13279774929642	0
10.3295	4.0136945461875895	147.06199860937204	0
13.0396	3.803020054568868	100.93177892986482	0
12.1668	4.454805170753151	197.59520156999537	0
16.4819	3.207152882620347	173.1076619254907	0
17.6425	3.556333099275151	103.9907762024382	0
59.7722	1.8388412174563902	217.59022396850898	0
35.715	3.018958273975313	213.60839217802283	0
47.1867	4.048331275094397	187.58897479528645	0
21.2341	2.662976109095206	208.5849339707698	0
14.9973	3.703722284088783	99.92918004479839	0
56.5454	4.309151204703257	216.33157771630084	0
74.962	3.7327241417393817	253.086101329339	0
13.3059	3.6869115923801	249.0148546549615	0
20.8723	4.531973947110023	86.10574056316001	0
98.1088	5.241960412050487	279.0618662589892	0
19.1149	2.1258357984865	201.54529290119356	0
17.5215	2.0281000227580024	178.11986485839003	0
17.8227	3.845945861909785	140.91246186418255	0
73.1582	5.894844467368826	269.11426206121416	0
13.7227	3.292257975311169	117.31997872390491	0
12.6026	3.076626224719051	102.05973682700531	0
11.8135	3.3095739677738933	413.99823418990593	0
17.7342	4.060761979964381	146.81362520940314	0
16.8876	2.752409104844836	123.28621624339479	0
31.5245	4.126498994462635	100.9294506415823	0
38.8387	5.137057449171869	167.26227762725668	0
69.9963	3.26148958678025	144.17274067967082	0
40.8679	0.6424272140094938	110.2692802921895	0
35.2168	3.6126686106336963	159.80283125568675	0
13.1312	3.5766921072436877	110.44457186241979	0
69.1013	3.394206084828446	272.53208973378145	0
17.54	3.654672782813942	192.62776741811558	0
40.5921	3.901370421459639	137.86817184724651	0
15.3933	3.257750545427751	159.55409848085458	0
11.8713	3.664216859480411	76.66935635486641	0
64.514	3.8727729602796415	250.03545059160228	0
20.819	2.306364270010437	89.65081198766163	0
14.4234	3.5481659637904484	120.34687654375372	0
18.7741	4.124566391075953	190.9634240502076	0
32.2571	4.7343009400773095	191.21976615490107	0
28.6429	4.909223526132821	179.4841754789204	0
14.8597	3.34805811257172	224.80251816357818	0
15.3396	2.5433670920249054	124.5092448352423	0
12.3105	3.641268449099037	140.65910365954244	0
35.2469	4.109365194167552	207.7137918432568	0
23.2263	4.502447968345956	135.14082015454065	0
40.7231	3.451685367657371	90.44229035865688	0
22.8286	3.4506616352239408	120.45804202746443	0
18.3462	3.4370383657567745	159.56818781364885	0
14.4632	4.1029475583635	113.30742062423052	0
24.5247	4.218090528596455	141.59942939045345	0
14.1402	3.6071186365499774	74.30389959383761	0
174.3	4.855163360316546	663.9642078471851	0
19.4571	3.3695482055524355	115.79580130342896	0
37.492	2.636107857107947	174.97898185875673	0
14.373	5.89206368528452	67.26936011296377	0
81.148	4.055822741585435	294.5971413589022	0
20.8158	5.097572865897445	198.26914301745245	0
44.4753	3.324941470722305	118.29188413697767	0
17.6496	2.825880461899107	89.0331072925998	0
10.3029	3.757232725408954	75.73036434727949	0
36.3019	3.295930135500145	155.86289588107843	0
57.3539	2.561932666499811	156.97038371289213	0
37.7673	3.194371603611863	148.19930312613678	0
23.3136	3.112678064372665	114.70509983021638	0
17.6257	4.340360097328446	303.73250966463894	0
16.0684	4.150576063871754	262.6488518866138	0
25.9992	3.765055250765548	154.42196191288232	0
14.6179	4.108735483876399	90.15843963388842	0
43.8027	5.848347944803862	102.44036899181984	0
46.0916	1.5200306024014767	196.62086129368367	0
26.3422	3.4753326326275076	137.9158724712733	0
20.0153	3.7456087865029497	161.1709619167901	0
19.0507	3.2429799297220447	91.3895343268358	0
44.1409	5.3658152545748194	114.64301637123354	0
57.8468	3.9663666168547764	141.14590877273076	0
136.109	3.854494202317005	628.7656724702694	0
25.1826	4.184956040803296	96.79094495339376	0
12.5359	3.509830498766144	110.15641697907162	0
25.3832	4.223759719420721	123.75932960502293	0
10.5691	3.493572862114085	84.34550636206649	0
14.4533	3.346885614937266	169.884505042372	0
23.2077	3.956790917066253	191.4384476479892	0
12.4515	3.3887513268502016	131.4854530967129	0
17.4369	3.372297577896263	142.18171504183755	0
20.5641	3.3008346284576264	159.12474345846252	0
16.4643	2.964815268561803	96.59221908626182	0
16.6546	3.7981449582954494	129.03320698177814	0
13.8342	4.7425526131987	120.31862209598478	0
28.5571	3.93064460226985	149.521757620552	0
50.7332	4.206915814414285	120.32443519551214	0
19.4125	3.7992008365328784	113.75951861317013	0
30.1778	2.225450269475724	279.1537017393869	0
24.7527	2.547328523762153	101.60476529351519	0
74.7387	4.488562317789894	183.97032156212046	0
12.9933	3.435722052851336	133.40048939577545	0
12.5023	3.442374806124981	130.8782509855247	0
20.2162	4.526303751230135	185.23356858231068	0
18.005	3.834656788123935	182.53004012055106	0
76.4043	4.639350886972194	213.37060793778204	0
67.7476	1.2322672046142755	183.57028922869188	0
41.0088	4.637060541334825	233.39380272590168	0
26.9907	3.1372792803826686	131.49776859388896	0
11.4564	1.7109318602133163	78.42620306735432	0
35.7886	4.0955014146636435	285.84805277031984	0
20.6579	3.1458630073264473	182.3436785031055	0
69.2492	4.430265732843122	214.55094796022226	0
16.4677	6.28075730916149	197.09899866812486	0
29.4937	4.731459957216272	118.10607850557015	0
24.2755	4.185794016280293	146.23317571136178	0
56.649	3.660532901789631	520.5870020223325	0
11.2653	3.6401124119153248	70.22155917917587	0
22.1412	3.2662633271063743	121.80047990035828	0
12.8987	3.6547239032921874	98.15282469610646	0
10.3352	4.302793657125756	69.43282925129027	0
15.599	3.600022968017175	125.97321329592249	0
12.8161	3.589663140863131	71.55194801961201	0
41.3125	3.56610744025659	205.28963260330514	0
40.3897	3.484972152328677	195.23921888222645	0
23.7193	4.165106397438592	99.52702699139516	0
15.4499	3.330514229146604	160.9559615781171	0
13.8744	4.199474536465578	147.53756761870855	0
24.1492	3.798080270210889	122.63394666996211	0
13.9583	3.8439943125256057	115.24761936679991	0
24.3518	3.0097864828115304	178.8152001679214	0
34.7642	3.4214149260209203	130.71441070419283	0
11.6277	3.542372042158192	189.47927996509605	0
13.7876	3.1309722820258776	258.336113872872	0
12.4474	3.2846378429137006	166.30550158892882	0
11.1807	3.7527005976318164	110.80814538220149	0
70.3523	5.476628750905885	385.69747669408355	0
57.6572	4.8991929494439175	213.6121098755403	0
15.2613	3.7931670678433353	78.08895939502841	0
12.2704	3.601098684277342	109.68748047476521	0
11.4072	3.13169575594581	144.43851067161805	0
12.5937	3.522677328029066	103.51913978666119	0
68.8709	5.23921371304078	174.80243734976924	0
20.7156	4.678656262204538	164.8473559799329	0
15.3421	2.480681529832477	91.1126862556699	0
19.4159	1.2391368424935965	108.82098150049006	0
34.2718	3.95687413680142	94.61639520425584	0
16.3862	0.4106144993205297	45.3600947314515	0
16.5699	3.818212059646373	114.07449933166264	0
13.9546	3.8930436052656794	72.26987511710819	0
21.634	3.8977824254054303	159.93345028165356	0
32.1097	4.425085192027565	110.1495533173998	0
38.0336	3.8108346981038257	128.41662477063346	0
31.9223	4.791648524371353	228.04183121291234	0
11.9797	3.3239523633894033	200.66803976107056	0
32.6166	3.121627616027048	228.93366676681705	0
14.4133	3.976796118495086	137.8935775887985	0
17.5689	1.7306334970386028	119.31520684514568	0
24.0242	4.856113858016373	150.7631295797703	0
10.8506	3.7786854737997175	123.66707920872314	0
14.4899	2.864394419569875	250.98759403487477	0
23.3989	3.2356727596965023	121.60049870450209	0
14.0185	3.3335704999438662	142.26168779979028	0
24.9725	1.1536377468121763	165.74968203151403	0
71.0949	4.447134019188068	188.5698559095806	0
19.6852	4.264260589729138	77.78100285618528	0
19.8375	3.7834385532040025	122.19174084929513	0
14.3483	2.94936297805417	93.6955199008805	0
20.8107	4.306419079757567	80.32118501093902	0
25.7251	3.246649097596906	193.9443761247024	0
10.9977	3.4437554968827375	86.11907234535782	0
24.5947	3.6059820320704343	135.31930522212232	0
35.0328	4.705137556739866	196.4077507847131	0
14.9977	3.432218754064053	90.75342262189345	0
183.018	6.099336345101798	356.9063071664607	0
16.9493	3.5821804835362276	270.06976174371135	0
11.5597	2.0396940893756463	193.55967179464298	0
31.238	2.2774866881484703	130.93986705850276	0
12.57	3.611763628212402	66.18678461234614	0
11.1107	2.1507584233933823	363.8136146576793	0
18.2017	2.4739256957761855	103.35955135974419	0
34.8144	3.4717595667049608	142.16407973588684	0
21.2507	4.122910239249438	225.81348757760153	0
18.9998	4.2097773330645785	214.97192840727996	0
24.6599	3.964041174608382	102.84685968099268	0
23.0505	3.743742850721839	149.06481577986102	0
25.16	4.388697354287691	126.25922680391331	0
10.9509	3.373700732875177	114.89606392207999	0
10.9591	2.4773249304903464	118.31846863328647	0
11.5579	3.317280045621865	105.35782532694593	0
55.3095	5.507154028266654	135.7378595724929	0
23.8293	2.65892150571134	218.14191701802747	0
29.6948	3.3181205678503587	122.99022773722307	0
31.2718	2.4278064304517093	116.97636804837975	0
10.7792	4.161632321196049	132.94430444017357	0
26.1909	3.3224073310967586	166.5219027427625	0
16.7571	3.1694232607477657	118.80887123272569	0
16.9462	4.344630898324505	247.01191170879423	0
27.1838	3.1801276920639525	145.7536332791598	0
25.3029	4.3780910797017	99.53507303766635	0
60.4391	4.660719057559416	406.7194745125565	0
88.3099	5.241027072434519	215.95834578941623	0
47.2844	3.945504896220508	137.18094180817386	0
10.0732	3.379337933767447	124.6187491450207	0
21.3781	3.243029726374551	109.38024114337837	0
27.9889	3.9906915647917476	127.71124872559197	0
51.7642	6.105538054985893	177.56091007983264	0
19.8748	3.7937059106739976	248.91431833912247	0
44.2796	4.456221038101791	248.05663079933504	0
24.5897	2.0417148902523783	209.47609916123488	0
45.696	3.8169472484330975	208.7759502706964	0
29.9295	4.557662860193991	169.01573978214103	0
23.7025	2.5685940954861683	117.24758182487942	0
50.8217	3.607047304929615	159.18111700753056	0
19.0359	4.41051052520057	195.7330786894893	0
57.7973	3.808618235929539	332.14956935724	0
21.814	3.5509368261319705	129.12802593643252	0
27.8948	3.4218199764951103	219.529103149154	0
18.1963	4.966244005578639	129.28819884718598	0
53.223	3.4701700594673097	412.6587972692786	0
39.3597	4.004376030977735	336.05208403713254	0
76.9375	4.750850068460632	390.5357149281912	0
12.9587	4.56322927742336	62.91272178294686	0
10.4799	3.795386926121023	72.06594677393608	0
12.1568	3.2015222598164153	112.62538383641893	0
21.5436	3.965643108941754	102.41272181170805	0
16.5337	3.3153793437802013	167.9708582898605	0
13.7499	3.837014974408788	87.92100936887381	0
35.8434	3.902924683945294	141.5632476923301	0
15.9284	3.572544781588061	88.23538399487532	0
29.3261	3.3012087556230063	312.3274402907101	0
12.4388	3.951085703477083	130.08918156890667	0
36.7385	3.5328860695372337	352.27598394274816	0
14.5881	3.612889299240883	94.66450437983866	0
53.2176	1.2737705741191803	191.84882868116006	0
142.765	1.7341088663297528	371.63836477210145	0
16.3565	3.7376525670164957	153.7453122663374	0
18.2394	4.754665370963923	123.62773339505824	0
14.5337	3.691011123015775	100.09650200611051	0
13.3432	3.3103525181956606	123.67155513236989	0
61.1353	5.391866379771333	147.21624443678084	0
15.4316	3.594024714417961	93.80158749208395	0
44.7015	2.9088221954368234	262.6882313227014	0
19.5881	1.7362410170283107	70.24380979672908	0
21.7439	4.247032401255847	172.35833797292747	0
14.3461	3.547233365455393	92.94712320395453	0
48.3902	3.5288642712872726	142.99814277437312	0
15.0323	4.346259333470259	135.22954849460638	0
18.649	2.603345216593379	172.17886107937292	0
34.6694	3.9586757176043674	107.46404563998944	0
28.2481	4.609054229742149	225.15048838908078	0
13.7208	2.1059126913075	96.7896878152704	0
90.19	5.4079433859310155	187.81194728022518	0
14.5633	3.8332795296301634	177.76670092791113	0
14.1724	4.061253762049962	167.58979314275408	0
56.3311	5.70575967233471	157.23943199962372	0
42.2209	4.611698284473519	133.68094761747426	0
16.2726	2.662038675745527	101.06608097629206	0
20.6165	3.7413010091252086	158.1732745956709	0
30.7538	4.360992647034653	136.2489428883949	0
17.8624	5.920654195100338	192.73098392255568	0
38.7843	3.4582025918585866	403.3292317991245	0
48.5641	4.477626361659601	217.35961983592992	0
58.9732	5.923938932149806	138.08144615533965	0
17.6929	3.7625646771411043	93.32680465223856	0
13.0188	3.8406619585011192	85.35421193536229	0
130.751	4.4546348179809305	304.55390212249785	0
55.9697	3.6121165632110777	193.4404222404862	0
16.7264	5.111980730343181	77.59614440307976	0
22.4559	3.70902824626613	99.78336581972522	0
10.0059	3.461982222753086	136.87059110733617	0
10.9909	2.724005787530563	75.00555920103469	0
11.0016	3.5752476226321726	135.4928465749053	0
27.9818	3.940926693041245	131.67188182659538	0
17.7226	2.9986617031811047	83.2249342387244	0
11.8347	3.3132819784959513	70.75444434960322	0
27.033	3.6940731707019556	90.23706199083334	0
97.9154	5.386452770027334	265.76150262582354	0
27.9378	3.592464667275226	160.84700374191954	0
23.2673	3.7869233573629395	145.49001689803322	0
30.8058	4.409534106292917	198.72944666433278	0
16.2016	2.997157100882975	114.19107735540636	0
33.9192	3.5418291456731787	109.32921071026931	0
34.1076	4.0021546937982	171.86126127546362	0
10.8871	3.830649734686793	70.05484839287281	0
36.6633	3.178436617443632	133.9860355165618	0
24.8816	3.273166044030287	129.90472811138608	0
13.1884	3.6520291489357013	144.2251343587431	0
16.4514	3.7651049837819923	107.84137789639884	0
38.985	3.24994048057274	216.7414662710161	0
133.339	6.0931710930929865	475.2514202752792	0
39.5457	3.3866926452014683	237.92337605460284	0
61.0821	5.155593761325338	140.1508844718791	0
15.9814	4.601029753995932	108.16506641481772	0
15.3751	3.0679550913284235	102.45044791869091	0
43.5614	1.243149865187621	119.75865855740867	0
10.4009	3.7463987820567106	123.03812549860798	0
54.8148	4.6646855181566105	184.39094384324196	0
22.0725	3.6378856548757956	179.65876704910616	0
29.4606	4.043266542708318	104.18234913847884	0
34.01	4.3802946150827795	169.61972512380484	0
26.616	5.0886829063772145	143.95804075581225	0
11.9834	3.6669881737519106	142.31401560570728	0
15.9863	3.251019232341913	88.38197946267722	0
13.1705	3.7416956291959407	108.33950702924118	0
55.9112	0.6230823949527061	115.5446619844253	0
44.2429	4.6550524714524935	98.37975263699539	0
10.7066	4.556830527313913	144.65603520218886	0
30.3201	4.3986141666141725	313.58491844678315	0
10.388	4.461713164105821	114.32007299194221	0
20.459	4.737274011178349	162.986611463792	0
58.6132	4.504247784532606	138.82331681998602	0
13.4523	1.6710892712988563	151.20930619454052	0
21.9454	2.67642872033458	302.75523177789177	0
23.2141	4.036705068807232	108.06859728913854	0
21.3986	3.511767534189728	162.27185659736688	0
19.1523	3.54637117201302	102.1220384201819	0
15.5523	2.813188765676576	135.22107877342796	0
28.052	5.555113775871353	81.25496627398968	0
58.0992	2.1011551636203287	183.02628460215766	0
11.9266	3.5701828210808753	159.43770689600842	0
23.5286	3.649024860824858	128.34187191101853	0
12.9114	3.3695513566912707	129.22282077269904	0
36.5123	2.710594599930343	182.1825370087649	0
18.7145	3.959962986654364	100.64217144753385	0
40.3399	4.100639689980211	111.02372864285135	0
73.847	4.58164433469033	229.69142532954058	0
11.7246	3.7342422025437942	142.6736771898278	0
11.0901	4.609288381390125	122.69434313497709	0
14.465	3.060821051210933	212.03804990248804	0
49.2029	3.1576652298464136	217.1790524643017	0
17.8422	4.11966858649819	77.73672240997496	0
16.7098	0.80608568403117	60.46546045662691	0
29.9317	1.4473463613178428	113.4040490233044	0
12.7586	3.5368693346709885	78.91057164741235	0
14.3478	4.112234773486841	169.44586060202565	0
23.2902	3.7687125269115445	95.21370577385161	0
67.5842	3.396220249169258	305.60343155662366	0
11.4971	3.259780829896856	99.00692607584331	0
17.3292	5.371601918774359	169.0135692656492	0
11.167	4.449867236714985	126.48607645844343	0
17.2927	3.9665684531066967	97.9093756612629	0
35.0837	2.527880529589363	141.3470415669886	0
25.9015	3.92168446785126	121.2451190545401	0
49.4055	2.453858423274697	156.94131742338024	0
15.5925	4.306025350612325	144.90109196133582	0
14.2	3.3215553547225873	138.8063776055362	0
29.4107	0.8743728661025983	228.51870373391756	0
15.4927	3.8146076380146887	112.13018285408283	0
21.1158	2.9188086994327413	131.12190367590722	0
14.3437	3.332836231637252	171.22240681280576	0
32.6759	4.70184324679851	243.61948913563452	0
13.3156	3.216660701794323	115.73183079787115	0
15.7257	3.3190153865313734	89.91384444663457	0
16.9249	3.1278389363899373	76.78895969184828	0
32.5934	5.215483006129443	133.6054216367225	0
16.677	3.387162899301544	96.65560910501677	0
12.6798	3.1776140188837543	194.70000419230578	0
77.2887	4.382121357073287	269.6971514989491	0
21.9773	3.3748494624301393	108.63561198825366	0
73.6873	2.0816568270575924	204.7471343845437	0
17.7797	4.866895684485822	158.6823527300424	0
62.4246	4.751634609468169	163.26856495213124	0
86.2099	1.5436485283214567	242.2047481635114	0
33.3499	4.225312496038433	117.60286393818137	0
29.7452	5.240558999925104	136.20221845124087	0
47.9942	3.594224367671365	214.59916828305535	0
44.3158	4.163958239003969	173.27300645968805	0
58.9304	5.258532684946588	147.79965148082414	0
14.2597	3.198528399901561	87.42247305117934	0
28.6979	3.1038195045884995	105.58177125037211	0
36.2855	0.613929568801666	94.20422427837298	0
13.7641	3.9604596591035603	74.42611272575097	0
11.5774	3.8821415942014528	104.52398763255016	0
10.0664	3.7834585197276844	102.44864065259888	0
28.3205	1.0558449940052128	185.35859876219132	0
21.735	2.3795504432833527	104.5788066353781	0
35.801	2.4197594681198793	295.5620145147884	0
89.0878	5.605776933695978	187.56584887733027	0
13.4354	4.043168793803197	73.4554067222006	0
12.8127	3.6989413356155234	217.3827925996688	0
12.5848	3.565761483006722	145.12712493656142	0
16.9875	3.8667235760020393	271.9839845881612	0
16.1112	3.600341938815578	106.6816220913609	0
17.0506	2.541618367063198	149.65002736005763	0
92.2808	1.5575040250090568	187.4762465164201	0
10.54	1.4216507277348407	53.53014700821024	0
17.3549	2.9601196115953567	102.29673252345054	0
17.4358	3.8870825752645137	95.99418802294593	0
14.0508	3.9053056170284544	101.8447509706784	0
18.5207	3.266194182962795	135.12810933801077	0
33.7198	3.853760866822045	146.72117147711714	0
21.7453	5.021781712395909	233.51659200834854	0
23.0213	4.128053924520954	148.27804343525275	0
19.0858	3.8603919299325042	228.90909725864987	0
12.3297	3.6642992364892906	64.78078256723826	0
13.303	3.9636534656546347	72.61566318542303	0
156.865	3.9663865733798565	293.3319327333258	0
12.8127	2.695174150545749	112.91694661657833	0
27.9428	1.8633841612560635	117.94536978766902	0
14.6836	3.5581127473036616	130.8726093461741	0
64.2893	5.035282389446989	245.26548734782273	0
63.314	5.033355324057687	259.1758760691617	0
66.4101	5.853706878523129	156.95625055647156	0
18.7485	4.357964523996151	89.14532541457123	0
14.0714	2.8649950241602933	129.71676777619732	0
15.8402	2.673879032058855	84.27814663026231	0
28.6892	3.955902968883855	140.0751321353748	0
11.1684	3.6190055004793793	104.57959472675098	0
25.3914	4.4182678058302445	135.26579420588936	0
27.1932	2.6633217076182976	132.57509380010362	0
39.698	3.736507870100691	107.84927168136043	0
44.1001	4.350731158141519	163.67288691505567	0
99.0792	2.4488664709607892	505.2261945010239	0
17.6033	3.7006215101453837	82.01822442448933	0
91.4369	0.7024750011039539	337.8144623427778	0
69.8556	4.593448184713865	210.0844063953525	0
10.6847	3.0377318073235164	69.39353067023033	0
29.9226	3.529598922931474	162.41119193847135	0
45.0784	5.315946473269577	220.53156606851095	0
67.4479	5.68637487563489	325.61130818999516	0
20.6177	4.9935906804011125	253.3615660055534	0
13.8539	2.7545141717217576	109.00161186064086	0
14.0492	4.2301709700017165	140.1138129165626	0
31.3021	4.3334669082169714	151.8609079402925	0
11.211	3.6965623852855503	210.4509905968575	0
11.8397	3.830568228254387	222.16392241888397	0
23.2621	4.453055533786069	137.23333701469883	0
13.1186	3.149502766258631	132.54085947690248	0
36.824	0.4119712244877067	102.62724200089366	0
17.9957	3.8130236951778835	146.98515867949357	0
16.4498	3.746956232383826	85.2482805035826	0
53.3523	4.9947445048270485	263.4014858506687	0
53.2099	3.7284571617802063	185.60559088992983	0
12.9829	3.105408645528134	133.230549432814	0
93.2077	5.726460946681406	252.4971170219793	0
15.9712	3.580623304948698	159.7109846277958	0
29.7415	3.2413532680678894	178.10839684260006	0
48.8274	1.9595813800916193	162.4865929589389	0
33.2321	4.019351078716344	123.1982995299326	0
48.4782	2.557512252209166	171.18510272824562	0
35.7442	4.562298668338723	200.34473897242734	0
37.0585	4.259424473774371	236.4907651051077	0
36.3624	5.122005526637003	161.80335638320364	0
10.2538	3.2626568378755376	107.5334713096648	0
29.8875	2.341928743470189	425.34151325913604	0
22.3635	6.280540757548766	126.93740373586739	0
16.9875	3.6639595164721577	78.7655182993815	0
19.4467	2.2658856863512686	160.99917705774368	0
45.9249	4.292283362941165	164.5065375492853	0
35.7817	4.669607124239836	160.8895466442388	0
33.4634	4.267521049260423	103.71016211790723	0
111.519	5.336681518281832	351.8746737776021	0
23.6272	3.208998001886609	126.07945764288287	0
13.3326	3.1490361631675223	126.01958592835122	0
