isophoton_pT	deltaR_jet12	inv_mass	jet1_Eta	jet2_Eta	isophoton_Phi	jet2_Phi	label
37.8202	1.5282684993505689	90.21762513276815	-0.0143928	-0.115036	2.49454	-1.73382	1
33.6836	1.8642745597751957	86.37933028049649	1.30359	0.691798	-2.77242	1.31142	1
36.5321	1.9026074553333383	104.95613426131463	-0.787717	-0.61519	2.54396	-1.41727	1
14.3928	1.9037988052472934	89.161722360347	-0.952813	-0.061371	1.11012	-1.78392	1
29.8721	1.8491359774211447	96.84853326863754	1.87115	2.2687	0.0835122	-1.66532	1
20.6198	2.0694368279843123	108.13378860372782	0.892856	2.09205	-1.56625	-2.51157	1
24.5172	1.2819519210157608	92.29413415742304	-1.81533	-1.55911	2.49808	-0.421844	1
24.7989	3.9166920714308397	357.5266121224124	-1.73541	0.64749	-2.76651	2.37591	1
33.6568	3.1904905002466313	150.90698419208434	0.31667	1.32786	-0.48112	-0.699088	1
23.9139	1.4016013239163265	84.80124677977618	-0.744108	-0.49101	-1.61084	1.21714	1
27.1061	2.424482243978083	141.47390053718175	-0.197405	0.319957	2.53652	0.730329	1
20.1531	1.7098999404031519	94.57732724455	0.00802905	-0.248898	-3.04158	1.21467	1
35.2261	2.1488685599098423	110.56186118257224	1.91471	1.39375	0.992576	-0.922377	1
31.4033	0.5301048055715022	85.02555256846965	-0.67095	-0.573299	-1.57356	0.916917	1
53.6683	2.2685291046539997	142.22568887524318	-1.73521	-0.858149	1.37868	3.01317	1
34.4404	2.6174061159225936	127.38941330241182	-0.13803	0.732105	0.506334	-3.07156	1
21.2892	3.072023441521634	125.01059398499429	2.09199	1.2483	0.239385	-2.41937	1
39.6798	1.7745837930974127	107.54568649260416	0.509579	-0.287939	0.85807	-2.97433	1
48.7801	1.3769104963900158	110.34583448593379	-1.40377	-0.95294	-2.77293	-0.390526	1
28.6367	1.5006756075001686	84.27597194628966	-0.597177	-0.583252	2.67229	-1.22129	1
31.7726	1.8871402812072053	101.95155192857243	0.434487	0.928782	0.660595	-2.16354	1
35.098	1.9677157693221858	100.06715458296003	1.74008	1.67458	0.561101	-2.05042	1
24.9484	1.3630405723048011	100.36638619197966	-1.56232	-0.874777	-1.01878	2.70234	1
25.9329	1.717485520628631	99.02557275071678	-0.890688	0.397999	0.359216	-3.10601	1
34.1245	1.709729850480854	96.73948470114313	0.489777	1.15527	-0.929864	-2.92981	1
21.0007	2.14905891750488	120.79963052118785	-1.23796	-0.846393	-0.346704	1.76031	1
32.4563	2.3166470750723605	79.55034124737871	-0.513906	-0.937908	1.04574	2.94711	1
27.0137	2.0849743706856545	92.33480951250779	0.317845	-0.259949	-0.147148	-2.38529	1
30.2752	2.6843465949239866	120.38458661182334	-0.756448	0.457968	0.319141	-2.25735	1
33.1964	1.4776424363427711	87.55246029539722	-1.99383	-0.966621	1.11479	-2.49196	1
41.4956	2.5595425777464613	122.39194977783104	-0.686554	-2.07617	1.81395	-2.613	1
29.638	2.472345892377521	87.67905835703709	-1.72507	-1.02831	-0.276949	0.749126	1
39.32	1.6867272862762965	106.95323279701228	-1.56585	-0.893188	1.37135	-2.27365	1
33.6497	2.1354141436550433	112.90692847468485	-0.495497	-0.189878	-1.25748	2.42295	1
34.9752	1.8401938206528679	101.50815492284352	-1.49282	-1.62982	1.341	-2.7954	1
24.2536	1.7597215839242866	100.8466984211575	-2.00425	-1.40301	-2.56439	1.40499	1
27.0347	2.0003827229057944	138.88556405605988	1.56796	1.11926	1.22139	-2.57592	1
48.6471	1.0721329626279605	103.69007631995986	0.36773	0.968256	0.0794726	-2.50442	1
39.897	3.35594829690084	234.0731456839701	0.561517	-1.27181	1.16662	1.96808	1
24.516	1.0990130043361632	87.25488718106276	-1.84781	-1.78232	0.819483	-1.0484	1
17.7924	2.64661876871226	111.65655759804491	2.48954	2.45399	-2.35104	-1.37308	1
25.7938	1.5790548264705695	90.00012769348662	-2.20798	-1.91677	-1.1715	1.43461	1
23.9228	2.2677686528091625	92.24602843690144	-0.706628	-0.678589	0.0298552	2.51973	1
20.4331	2.856495849851921	131.821204323691	0.0258255	-0.78321	-2.69073	0.838481	1
29.9078	1.3942488266087945	80.52088953469092	-1.32989	-1.9371	1.77925	-1.10675	1
20.9505	2.176811465819904	87.18771919929945	-1.99081	-2.18906	1.6418	-2.61202	1
30.1713	2.694044096600348	130.2150271696823	1.50806	0.578039	0.533369	-1.62984	1
27.7261	2.8400976834205474	95.84720524142683	-0.0747546	0.118398	-2.395	-1.9747	1
30.0002	2.7890775134879275	122.78513826363094	2.34446	1.5764	1.81194	-2.77961	1
23.9593	1.5370437243569226	84.93977953624203	-0.489881	-1.30863	-2.34691	1.03676	1
34.9312	1.9768562409608847	118.45946904550055	0.511104	0.099753	2.83736	0.432025	1
65.692	3.13624114031686	302.63123045798284	1.94653	1.3571	-1.03263	-0.974334	1
39.5108	2.5714246832372907	135.29860020809045	0.428819	1.06892	-3.05068	1.77412	1
30.6857	1.429505139069966	94.46155335178642	-1.14526	-1.29647	0.0814711	-2.30802	1
25.7871	2.5343621076653107	91.62789480294276	0.352638	-0.987349	-0.226523	2.31163	1
36.7027	2.1993263881506286	101.07556749855773	-1.01676	0.0201313	1.86561	-3.05136	1
29.5644	1.874143011955331	122.09341028222447	-2.09368	-2.10039	-2.94109	-0.691191	1
30.3798	0.8489287686700832	89.7398457307182	0.483301	0.0452747	0.540553	-2.49137	1
28.9198	1.5350376374763584	87.42268730457498	-1.63917	-1.07074	2.90776	-1.71736	1
23.1886	3.51898185992497	323.56269633494463	1.41276	-1.09666	-0.737742	0.506809	1
29.7583	1.3514217716141803	99.93848330461638	0.0244611	-0.379098	-0.0105601	1.09155	1
32.0673	1.6585328113980742	83.8897621323508	0.551377	0.608755	2.94916	1.10161	1
27.0489	2.2166432523331308	101.94686109183306	-1.44087	-0.456687	2.91946	2.08717	1
55.2142	2.6458658077220565	148.35581676328837	0.0345027	0.123429	-2.64457	-0.362841	1
30.7551	2.251140249624134	99.89092647155294	-0.53541	-0.0507059	-2.46971	2.92409	1
23.8906	3.116405719431281	104.82945529259227	-0.587372	-1.04387	0.894335	0.23008	1
21.9425	2.194699895438326	121.28135971942845	0.159644	0.48487	-1.89687	1.80062	1
33.4084	1.539349884813716	89.1615206486216	-0.398563	-0.754137	1.2609	-1.14106	1
28.0669	1.5722051387223615	95.72788575474691	2.3951	2.08034	-2.99136	-0.947124	1
29.0225	2.109376808500544	82.85740418043515	-1.48622	-1.38476	0.0839212	2.32293	1
14.8291	2.900905635082948	157.51076175857122	1.37799	0.500824	-2.08244	1.55997	1
17.6226	2.3382567089303943	102.33811444940052	0.167975	0.088128	1.40595	-3.10262	1
45.5657	1.7742165300831125	114.79879748876935	-1.12416	-2.17219	2.55315	-1.38119	1
33.1596	2.281724436365619	100.96260131684801	-0.242057	-0.575235	-0.15697	0.271832	1
46.2989	2.4091674202939326	93.83519148474616	-0.652238	0.0226902	1.30728	1.93016	1
42.1477	2.464360624646482	170.92509596774138	-0.428157	0.561295	-1.14237	-0.127012	1
22.2954	2.2075800207659517	111.20694111245476	-0.992638	-0.62886	3.10005	0.247051	1
20.2643	1.0566409790737816	102.97518833576754	0.118454	-0.578543	2.27423	0.112317	1
24.7782	2.7431136968904766	103.33831791312734	2.16642	2.36019	1.56561	-0.470234	1
31.0979	2.4274834947854953	84.16078170880306	-0.190434	-0.579018	-2.29584	-1.13294	1
30.4945	1.7150990765226946	88.98516156760911	0.738702	0.361119	0.46066	-2.91443	1
21.4927	2.673422515807219	127.30463383333863	1.01586	2.32926	1.74099	-0.552215	1
16.2161	0.9424828675365935	85.05923405086577	2.42823	1.72689	0.766619	-2.24805	1
27.7125	1.9579050801139468	95.61707995325466	-1.62036	-1.41548	-1.22724	0.560984	1
18.1968	3.1423797386243555	123.03584270819782	0.297731	0.905286	-0.802037	0.939488	1
25.5382	1.86161947950192	82.51680095038097	2.01603	2.03418	2.74341	-1.7157	1
16.8315	2.2061226718392573	129.31244015459146	-1.89216	-1.55551	0.830241	1.73088	1
15.4619	1.635514172295673	106.62878134736556	0.155522	0.193978	-2.2621	-0.635662	1
26.9607	1.6157775633177034	82.05517852085877	-0.652562	-1.7939	-0.22411	-2.05113	1
25.0927	1.7036398746260901	92.0502087010236	0.51886	1.28252	-1.66471	1.78765	1
11.9315	2.8487791267416003	96.03661412634455	-0.963544	-1.2623	-0.197146	-0.852815	1
28.9504	3.5533964095214596	172.2041653721988	-1.82299	0.41997	-2.27706	-1.10906	1
25.8291	1.7860519728820092	93.33854931023939	-1.52671	-1.02787	0.654561	-1.96891	1
26.0153	1.2198980506259531	89.51704974870373	1.10736	2.0068	-2.65411	-0.162411	1
53.2196	2.5322039946122037	172.73273982019157	-0.829571	-1.86744	-1.90225	2.16533	1
34.7836	2.0081758478631797	94.74492764478532	-0.747361	-2.06429	-2.76691	0.18291	1
22.8122	1.5921186579661706	92.04041042267197	-0.675561	-0.181773	0.757859	-1.12271	1
32.1286	2.1662506627223155	132.2439742497948	-0.514314	-1.16817	-0.759821	-3.0598	1
20.3849	1.0462569632965693	86.69488566324303	0.250438	0.432779	0.50453	-3.12364	1
47.844	2.4132543135380486	200.4402006519738	0.496057	1.34221	2.62934	0.687139	1
19.8776	3.062300313092106	126.68882521763473	-1.22642	-1.81	-2.73111	2.96945	1
31.933	1.6279264841509276	91.59085665414979	1.92324	2.47511	0.501736	-3.02048	1
32.1109	2.0790548719204116	96.87418205249071	1.75545	1.87978	0.96777	-0.966596	1
27.9019	4.330207908726785	274.42526154858297	-2.21427	1.11981	2.80823	1.57362	1
33.925	1.9392618036626719	87.76791884065555	0.335259	-0.67296	2.08289	-1.85828	1
37.1932	1.8980461416614718	81.46348427559433	1.01979	1.2005	-1.92555	-0.920682	1
49.0757	1.4438914818016486	108.20168804824964	-1.58041	-2.13293	2.16743	-1.36515	1
25.4409	1.701512010101957	79.81463216596002	0.460273	-0.464992	0.13627	2.70948	1
40.3243	2.841272951732501	137.76266020141017	0.0281459	-0.495366	0.489333	0.417808	1
30.2355	1.6288823827118397	86.76054081261834	1.52165	0.78432	2.85075	-0.260993	1
29.5182	2.4931599755107974	100.95278916677658	2.09488	1.8839	-2.47759	2.99668	1
18.6038	2.2047803424622736	103.67649967593042	2.00519	1.21942	0.162044	-1.4486	1
34.5991	1.9842168907344782	106.40225841198063	1.31292	1.88693	-2.45132	-0.349996	1
33.6909	2.885752008939091	175.80570033650184	-2.29357	-1.48382	-1.43188	-0.267994	1
33.3824	1.5184756886996906	109.6343241422138	0.771124	2.28116	2.4074	-0.808436	1
70.4848	2.4048958101407862	190.09855341455787	0.787544	1.00395	0.0425149	0.910956	1
61.344	3.5929423764915853	241.25885069342016	-0.606955	2.26155	2.39134	0.873532	1
15.4541	3.170547992660823	117.69026416151841	-1.76765	0.00214803	-0.664868	-2.51071	1
31.1757	1.8460902152216179	96.79513036949639	1.25123	0.596101	2.96461	-1.28808	1
18.847	2.29081820000213	90.32462803358003	-1.9711	-2.07371	-1.76675	-0.260099	1
32.7542	2.140381491895779	103.82716481766032	-0.308151	-1.03129	2.90788	1.05397	1
17.5525	3.1373814972780183	163.73418289473824	-0.319806	-2.32899	-1.21977	-2.03848	1
35.7071	2.713559494866755	100.32452955924786	-1.12415	-0.288194	0.606079	2.34356	1
27.5281	1.5927596334137444	106.52364586485761	-0.921524	-1.48601	0.370684	2.37141	1
34.6296	1.3146118418854438	111.54431056396967	0.147285	-0.0323181	-0.810256	-2.36474	1
13.9784	1.585434859967763	87.76942733804067	0.341945	0.688746	1.23151	-0.7629	1
32.1536	1.9197518128411704	88.11071886404686	-0.858663	-1.53883	2.12276	-1.69899	1
23.9342	1.5012743707930274	92.26073196609704	1.33973	1.09565	-0.936372	1.07248	1
20.9017	1.215375523435336	117.5440418519799	-0.933267	-0.461044	-0.0481584	2.24009	1
35.9579	2.537530588042241	126.1413536636938	0.454294	-0.525073	-1.58448	0.294481	1
45.8476	2.8828481091094615	176.4795858097746	-1.22667	1.3334	-2.01551	2.18006	1
47.0051	2.0136358743231106	159.87753805241056	-0.640971	-2.23519	0.223219	-1.53165	1
17.3188	2.841716088452363	98.71549111493333	0.599799	-0.197414	-2.42473	1.14181	1
29.993	1.605292300867976	108.07799416356688	-0.740909	0.343142	-2.60989	1.66136	1
26.8549	1.8739919425976728	105.26893806112226	1.20058	-0.110559	-0.144904	-3.10295	1
45.6786	2.3527125501158612	117.86831790062334	0.458157	0.744428	-0.579273	0.922194	1
17.5447	1.9507718277651032	89.36472063177507	0.611719	0.62434	-3.04895	1.24788	1
27.5185	1.6243163405599292	110.02270667020105	0.204157	-0.28463	3.04243	-0.425879	1
34.3702	2.151995861099412	109.27308416325725	0.726621	-0.208214	1.71827	0.621732	1
20.7994	3.1031038474720756	110.15463451994337	-0.108498	-0.576234	-2.02855	1.82069	1
26.6912	2.134501481169343	93.20841963896287	1.26368	0.679395	-1.38703	1.14547	1
27.4268	1.176872234781669	112.18453763652101	-1.12166	-1.78059	-1.95256	2.02113	1
28.2952	1.9879373213994953	84.03074570241002	-1.23332	-0.993857	2.49076	0.316972	1
30.3109	1.838151363353954	85.26905971427159	2.02218	1.57773	1.4248	-2.87446	1
23.0892	2.5943254407882215	122.14642274521835	1.47798	2.02086	-1.72803	-1.58924	1
48.2803	2.3483326635852313	103.27792491658127	-1.3772	-0.342461	0.36457	2.86088	1
36.1893	1.8623142372746873	94.27939465186387	1.68497	1.50212	3.03945	1.6325	1
35.1806	2.8849752310375214	99.33939408064644	-1.45147	-2.23233	-2.56289	-0.22339	1
20.8272	1.9520550619972274	99.81128145541264	0.455543	1.21313	1.09551	-0.91502	1
15.1129	2.941399231011442	115.46377150015108	1.41906	1.02361	1.95632	2.15883	1
17.4104	0.6695046765512546	89.23414411318346	-0.285537	0.367995	2.38828	-2.16583	1
27.9139	1.7989490710756655	88.67753809058702	-2.20085	-1.48985	1.29386	0.237242	1
39.9019	1.4457973775161144	106.48126460889723	1.76024	1.11445	0.62064	3.00032	1
16.3639	2.76925927713405	108.43368471035876	-0.599437	-0.224229	3.09271	2.021	1
47.8342	2.522887569212112	132.30084867453797	0.844288	-1.00289	1.9117	-0.160921	1
31.1959	1.8034553082002134	96.57288022857782	1.73664	1.25397	-0.0193166	-1.40675	1
56.4266	2.161273471077951	228.94424527537248	0.995075	1.7243	-1.00104	-2.82414	1
54.6363	2.697559178857991	223.56623133238523	1.74922	0.390899	1.7244	1.03464	1
34.2421	1.6200147556553306	83.47135149235277	-0.980659	-1.30843	-2.9284	-0.624301	1
38.1284	1.440638505199576	110.29934942127947	0.636005	-0.650361	-0.541437	2.62362	1
40.7031	1.7184631049530854	96.43597462408637	-0.429521	-0.245502	1.56846	-0.337158	1
23.1033	2.2389601939672796	137.13415042668365	-0.480386	0.121735	2.94759	-1.36858	1
23.3588	1.9749878551831654	74.96584484548343	-1.0388	-1.376	2.39592	-1.39128	1
36.5621	1.6820533737765277	91.80255557666793	-0.917043	-1.26235	2.7217	-1.39248	1
32.1904	1.9321613615454065	90.23875797043235	-2.08172	-1.09944	-1.57786	2.51025	1
18.0851	1.966390328839568	87.32279069973768	1.82216	1.93918	-0.296223	-1.8715	1
16.7885	1.8467257674076138	102.70083837184924	-0.0880648	-0.355423	0.227763	-0.66208	1
29.4033	2.1193727620454124	122.36315482507383	-0.974134	-1.84694	-2.61934	1.44192	1
29.2813	1.909999211527586	95.16470541493098	-1.90368	-1.57208	2.51299	-1.76914	1
30.706	1.5379663523656817	94.73097335923661	-1.83201	-1.41059	-2.48461	-0.272643	1
28.119	1.7585865186848217	87.88387273991458	-0.252754	-0.833894	2.82511	0.50468	1
32.0772	1.938558326706215	90.88624663691641	1.2891	0.673569	1.26995	-2.74851	1
33.4861	1.7218205629217003	83.27126205164352	-2.22939	-1.48214	-1.2073	1.17888	1
32.1031	1.9324732065480237	99.99132287052862	-0.177156	0.170199	-2.31345	-0.540799	1
35.1247	2.158905672531572	108.45769345963383	1.14791	0.942118	-2.44629	2.28592	1
35.7772	2.8069327259704293	111.47633456401856	-0.69012	0.264308	-0.163561	1.3629	1
30.8267	1.6865680493428068	90.09520758248117	-0.1643	-0.754658	-0.651576	2.96247	1
28.4362	2.235479404004877	93.46283335181475	0.322649	1.00393	-1.45845	2.91733	1
26.0904	3.07023220857967	107.5490947394347	0.509548	0.816098	-2.83262	-2.01903	1
30.3079	2.667068310011148	81.39108887083096	-0.125793	-0.538934	1.02617	2.02133	1
34.4074	2.158265712280348	104.28728198038917	-0.864582	-1.01308	1.365	-0.297159	1
23.9942	2.310551984263717	95.86157950539933	-0.114481	-0.825858	-0.951165	2.89201	1
32.1594	0.9673286873467568	84.18313751042305	0.640888	1.54998	1.50558	2.42506	1
27.4188	1.6478041565371173	93.88702824373343	-1.07035	-0.673385	3.04421	-1.00272	1
23.6213	1.1589395049010756	92.88466513965535	-1.62443	-1.38694	0.0639175	2.96632	1
32.2519	1.7337937995185586	94.00678960628319	1.29694	1.76438	-2.77994	-0.598523	1
38.704	1.6573283315206433	105.57185258472789	0.134809	-0.257586	1.78133	-2.13168	1
51.9722	2.8203928526161075	192.3507766825263	-0.606413	0.302983	1.66041	2.79177	1
33.7838	1.0013625758215652	121.14576792519279	-2.3637	-2.14498	-1.55189	0.817956	1
18.4378	1.662188356708763	77.87116791859168	-0.86676	-0.183214	0.438306	2.38479	1
33.1476	2.0923727906424796	100.65198322596535	-1.3575	-1.44017	1.21637	-2.46791	1
28.9764	2.6704258416354327	146.59630897055322	0.44345	0.262753	-0.289044	1.0055	1
25.0835	2.4390211699114914	92.69684581911724	0.407249	-1.01793	-3.12547	-2.01861	1
35.6134	3.1800768845982326	149.9867891410303	-2.2329	0.57899	-2.89964	-0.204744	1
16.9999	3.11996287163913	165.41235239024851	-0.857922	-1.56435	0.380871	1.67343	1
20.6849	1.7307988961288945	105.70042622648964	-0.399471	-1.9213	1.8739	-2.06435	1
35.5933	2.0898680950292055	113.4652988908944	2.13248	1.16567	-1.24689	0.799621	1
62.0081	2.470241964106885	182.32799895620946	1.17772	-0.0665242	-2.65842	-0.482869	1
29.6845	3.1384319353404813	110.42563416851904	-0.124621	0.705118	0.349249	2.22087	1
89.1426	2.957361336702872	259.67834683839163	-0.188005	-0.34782	1.24165	0.61935	1
26.9925	1.27979743478649	101.47940994783129	0.0775925	-0.589402	-0.736538	-2.39155	1
37.7202	0.6348745447921188	92.13922851943961	-0.877145	-1.3177	0.679449	2.00173	1
23.5123	3.6003057572734014	117.50522119300358	1.47569	-0.478494	-0.135826	-1.6657	1
34.7957	2.205904171406741	102.89913838303943	-1.47958	-0.733559	-0.0637418	-1.66299	1
40.603	2.237454270256527	105.0070170184751	-1.24944	-1.05002	-1.58096	-0.00543959	1
19.739	1.057463716036158	75.7011340223735	-0.575602	-1.2296	-2.20731	0.764807	1
26.418	1.2174543450778759	85.32278729464409	-1.48823	-1.84602	-2.90514	0.078833	1
23.4747	1.910989016762538	118.55629544231847	0.320011	0.454718	-1.33661	-3.11849	1
25.2979	1.4718573395828825	92.40229782912112	-0.417003	-0.196325	-0.890617	1.14859	1
27.2408	1.7141309146328352	89.60925670562992	-2.45128	-2.03871	0.383091	-1.41353	1
37.4293	1.5068692843339133	103.20984958999793	1.26465	1.4425	-2.56565	1.9713	1
23.8838	1.4862920840672602	94.44971404155866	0.927045	-0.176136	1.81927	-2.29188	1
28.7475	2.9626646598933535	128.78188194890615	-1.29525	-1.39482	2.84025	2.09927	1
23.0311	3.5246947059711426	134.4838277441682	1.0908	-1.11577	-2.78831	-2.45964	1
45.2367	1.3848319441745298	117.77557234091456	-1.62167	-0.555268	0.10454	-2.45861	1
28.0548	2.2745960335407953	84.56202390008885	-0.883109	-0.716355	1.56233	-1.23176	1
24.0921	3.113280593568665	94.84821989841193	0.735	0.961021	-1.3269	-1.77282	1
30.872	2.084615006718787	92.33107913957551	-0.00745996	0.25438	0.432069	-1.77901	1
31.6795	1.79597462023795	67.79480153803756	2.29339	0.827803	2.95392	-2.68522	1
29.2434	1.6007784075367832	93.41087782973447	-0.237954	-1.81951	-0.626867	2.88691	1
49.5262	2.835273829839832	90.68204619628733	1.83815	1.04725	-1.33008	0.736146	1
33.8075	1.9282332549372512	95.46603202533719	1.68679	2.0559	1.2468	2.8907	1
20.5314	3.037975950863502	117.94307027591744	-0.702703	-0.844178	-2.35743	-1.17958	1
22.2652	1.8090611694718086	115.02696339132837	0.656627	-1.08707	-0.291131	2.96643	1
46.7121	2.7482699213806145	175.45544325677957	-1.11128	0.529025	-2.45814	2.11468	1
29.5305	1.9002469073423063	107.0007700546122	1.15925	0.330658	-0.958598	1.17073	1
24.4195	1.854874267327303	96.8220302737156	0.230562	-0.727726	-2.72532	-0.190767	1
28.378	1.8700855231996747	87.46346261647017	0.951893	0.874902	-1.93351	3.1314	1
30.9508	1.8590800796124618	87.18149494262873	1.81716	0.522362	0.615348	-2.18206	1
26.4211	2.5621747099073864	99.2401043098862	2.4569	1.1445	-0.436945	0.869617	1
23.0842	1.6000676227271897	99.5531445113662	-0.0145072	-1.35958	-1.19869	1.64448	1
39.7261	2.3247879828296796	107.71579918807639	0.0823427	1.83371	0.945276	-2.7057	1
33.7287	1.697801834132594	101.70967376530321	-1.99298	-0.481808	-1.85512	1.92468	1
32.0882	1.9631618967380144	106.5532761489059	-0.293698	-1.335	-2.13797	2.72333	1
25.14	2.6577618226507806	154.21507139697985	-0.806794	-1.62596	-1.82777	2.25042	1
29.4469	1.6446996216594183	89.64425493286127	2.17188	1.76394	0.795662	3.01737	1
35.808	3.3768877253891594	247.95282895333762	1.01398	-1.962	-0.149112	-2.28391	1
34.7269	1.6844580824968605	94.92554434190998	-0.8515	-1.4331	3.11927	1.25362	1
11.9631	0.5018684264087551	83.6302310368111	0.538509	0.989294	1.40908	-0.592724	1
67.0442	2.6771323221172687	167.17726366198838	1.43219	0.964875	-0.801005	2.83668	1
32.018	1.962440673423021	100.81439436876661	0.673285	0.287957	1.7347	0.136509	1
36.5378	1.1543717587342865	104.23302725357928	1.22657	0.0749273	-1.28811	0.295546	1
37.4145	2.268003997363698	96.94039582746659	0.735707	0.794751	-1.74292	1.19906	1
31.3936	2.3755455106362118	114.34405002519546	1.49578	0.503537	-0.581788	1.46842	1
31.436	4.655304269295181	266.5156151417129	-2.13411	1.6289	0.337378	2.75884	1
34.1814	1.89960424396241	92.2172859422191	0.246044	1.0832	-2.53689	1.52893	1
24.5874	1.7759779496613266	88.66790493578226	-1.33957	-0.815969	-1.21284	1.71637	1
38.4873	2.242840613002181	106.30944842124947	-0.4128	-0.319664	1.39933	-0.450784	1
29.3864	1.7980261513137124	100.14136506126273	1.52614	0.701478	1.73655	-2.46288	1
33.8588	1.8379827038954961	85.36320989518723	0.98624	1.19755	0.601025	2.93705	1
31.7683	1.766851490779994	90.6079338324796	0.468126	-0.393238	-0.221706	-2.22492	1
36.9031	1.5896753308575307	106.38956807956409	0.846193	-0.344328	-2.99221	0.508792	1
30.4835	3.28172410564767	226.31503887932416	1.14185	-0.89064	2.4117	0.623547	1
23.064	1.3048116298148174	87.81039069988873	-1.35326	-1.88223	2.10807	-1.62562	1
16.2042	2.183928296165964	93.6700471610637	1.21531	1.1475	0.385235	-1.43115	1
38.4106	1.6227835204502785	103.2172079531703	-1.12375	-0.233639	2.36199	0.267402	1
24.7734	1.7390250850374442	91.0476966288251	0.170309	-0.3644	-2.17668	1.67512	1
30.3472	2.8998565713356403	130.6956935772943	-1.46995	-1.55215	0.90196	2.80646	1
12.3378	3.1669147160301048	130.34140737511274	0.0931548	1.88555	-1.91312	2.23126	1
37.1388	2.3200821549946515	97.20378594372964	1.44959	1.50019	0.464167	-0.975545	1
28.3215	2.1453885431562276	99.8364105516199	-0.229176	0.311715	1.29741	-0.469335	1
10.8174	3.281365614080973	151.0738477145995	0.318192	-1.32988	-1.34478	2.64954	1
35.0521	1.9155051119680702	92.15865911988415	-0.0856219	-0.503076	-2.20472	-0.275113	1
34.0371	2.00636978512038	103.08137817601539	-1.55344	-1.94085	-1.82137	2.75909	1
36.615	2.295141538466645	123.11931881026473	0.312755	2.06022	-0.950214	-2.76097	1
36.3938	2.5748770718061476	114.1733689278879	0.113328	0.738985	2.31762	-2.28691	1
20.7258	1.2032733188899367	80.17491292047913	2.19316	1.08546	1.00755	-2.97198	1
14.0586	2.9395254068623053	231.57262745754707	-1.11065	-0.909208	-2.84644	2.06253	1
17.7946	2.451414386929305	137.94390336795425	0.531988	1.46011	2.65223	-2.58459	1
32.6398	1.6379765211386548	82.99552357823102	0.261826	0.210091	1.25706	-0.0705807	1
33.4962	1.8623865183277613	92.55923310987131	-0.155296	-0.216881	2.65349	0.652238	1
27.5738	1.487478087014338	86.29077636277239	-1.17873	-1.14588	-1.3618	-3.06034	1
29.0447	1.825828868622899	94.59727969977679	0.458415	0.184962	0.846558	-1.49526	1
29.1832	1.5888786655880933	80.40254924521918	0.862229	1.34481	1.52275	-2.50245	1
28.2742	1.6708527683195191	84.99619464367746	-1.72314	-0.894889	1.92194	-2.5767	1
33.6075	2.2289188317370376	110.13539451479302	1.45151	0.935616	-2.67326	1.80007	1
15.76	1.4910559779230286	89.57361837423562	-1.23693	-1.122	-1.17867	1.05667	1
33.7335	2.234589495972357	98.97062725637336	1.1286	1.62108	0.774595	-1.08374	1
31.0467	1.893690754743234	86.9102118921119	-1.82692	-1.58481	-1.38408	2.88928	1
39.7474	0.5581922884633931	110.49114589288642	-1.99089	-2.02811	-1.20732	2.27614	1
28.5769	1.7966759566023587	95.51610729666227	-0.287039	-0.385007	-1.77526	2.25827	1
37.5028	0.5012607486418622	89.5884640347168	0.631559	0.398832	-1.62703	1.12513	1
42.8562	0.5430659697070614	93.35042728280092	-0.164048	0.135463	0.479458	3.06476	1
23.2159	1.675053819987883	88.43583021191291	1.30285	2.01275	-2.19107	1.35726	1
35.6762	1.9920444559958996	94.40308691128807	-1.66613	-2.05178	2.35015	0.221538	1
37.4001	1.7510223037588644	112.77065247887147	0.605565	0.647084	-1.32038	2.76108	1
32.3135	3.8798863114101594	130.62409980146236	-1.19818	1.32953	-1.7519	-0.899734	1
27.0332	2.02146437219582	91.00695414725789	-0.0884068	0.800473	2.83153	-1.3967	1
42.7481	2.9417253608834733	109.12902256430223	0.909979	0.518676	-2.06178	2.71942	1
35.8592	1.89918292110739	97.82348799204156	1.03692	0.712685	-3.07987	-0.839171	1
22.5939	1.9536662690805606	95.99141884101745	2.34255	1.91254	0.84252	-1.84522	1
23.0208	3.0062605239732636	113.81631378967066	1.87483	1.07085	-3.05473	-1.60202	1
79.8961	3.0287805564240076	380.2476317585158	-0.796359	-1.44038	-0.635146	-0.692477	1
33.0127	1.6911218575992684	92.53210535592426	-0.281819	-0.962736	3.13694	1.13206	1
32.3941	1.8152696884336497	121.51489788048336	-0.598965	-2.05462	2.25202	-0.295729	1
28.3487	2.427652070935666	90.9221621022834	1.38859	0.213868	0.416075	2.06355	1
18.5576	2.3079554041168127	90.40211887943723	0.26525	0.255786	1.79181	-2.72465	1
16.2015	2.8165262636306	124.53109247741251	1.99124	2.23208	-1.51945	-2.54853	1
28.8753	2.794672026891528	127.3443091822794	-0.444832	0.609941	-0.626783	0.540969	1
37.6724	1.60041794804166	104.58630656757651	-0.59176	-0.41607	0.10981	2.25077	1
30.0822	1.7452915275864376	87.18071986032672	0.258042	0.018509	1.88065	-2.29048	1
63.8897	2.3487087081618543	110.49722218426434	-1.25397	-1.20069	0.346637	3.13516	1
22.3174	1.7630647527813605	101.00260932806385	1.8164	1.62133	2.59393	-1.28528	1
34.0532	1.8150072173630605	109.44052377300649	1.01298	-0.548086	-3.10295	0.570678	1
52.0681	1.7645225737453745	156.36351130922458	-0.217255	-0.427636	2.44992	0.818853	1
42.054	2.2236006577445937	127.90980615770968	-1.11012	-1.89827	-0.248175	1.5447	1
27.2653	1.6648987042378884	92.94178484815966	0.102709	0.190962	2.7319	0.445208	1
33.0213	2.133123387009059	93.5005181768374	0.695134	-0.195519	-3.00895	1.40496	1
38.0625	3.0710235225269162	163.52733154696284	2.17247	1.23479	1.77693	2.93457	1
36.3575	1.594442047478992	89.94669886807353	1.19121	0.655073	0.167344	1.40047	1
38.2064	2.458984359057414	181.45744143030015	-1.55127	0.61591	-1.71081	0.174383	1
43.7083	3.5030916488890207	193.8110165967381	-1.11262	1.81921	-1.29	0.346874	1
28.9938	1.6969938896285692	91.47279141558981	-0.854733	-1.10934	0.369246	2.67015	1
27.2902	1.4946355094470358	91.89037225978522	1.31069	2.09438	3.07879	-0.6157	1
36.2697	2.3226721703425994	113.59001485244686	-1.54411	-2.44016	-1.70779	0.668198	1
24.8677	1.1724781859378024	84.74043265407605	1.62029	1.73215	-0.414047	1.08138	1
40.36	1.7341414798195909	110.35483020014574	-1.14137	-0.945685	0.089725	2.78582	1
22.711	3.25135883755629	127.31609625939801	0.103867	-0.835627	-1.73061	-1.12186	1
11.8359	2.1717240042853048	92.23194729038198	1.42481	0.169643	0.457307	-2.94778	1
23.6612	1.4644268927344926	80.35368897414489	1.83709	2.18298	1.62175	-0.801818	1
22.6727	1.5966621983988971	96.59555473804893	1.45373	1.10411	-1.20992	0.332496	1
19.0558	2.93720475655069	143.6437989015631	-0.578453	0.689867	-1.72342	0.465628	1
36.9925	0.7389309349323522	90.18221974654222	-2.08198	-1.92819	1.11616	-1.10306	1
43.2898	2.306135297727347	117.33098387374079	-1.80253	-1.79863	-0.580313	0.406788	1
21.1358	1.2016545195499244	99.61295710892836	-1.04796	-0.415686	-2.08304	-0.0463576	1
13.1784	0.41758640678187786	76.22275714310457	0.895695	0.603572	-1.06798	3.07464	1
64.0303	2.1065689488834685	181.55366071988715	-1.0275	-1.408	2.38016	0.58528	1
60.004	2.683779593070377	162.76835967937916	2.0619	0.501941	-0.698205	3.14007	1
32.9668	2.2166040996059757	96.0676940628722	2.202	1.6983	0.56413	2.57221	1
25.9597	1.1444341076134528	89.21726697966025	-1.70553	-2.16588	-2.68171	1.45622	1
30.075	1.8126930844740377	78.07045406270534	-1.50569	-1.87188	1.25288	-2.84058	1
34.0462	1.8205008918031569	94.87122793441411	1.56584	1.38766	-2.25602	1.78046	1
18.7862	2.4918959888972094	106.94936707954425	0.641641	0.69385	2.4271	1.79365	1
25.5695	1.8996357654212452	108.76344102230581	1.52147	-0.0881066	2.66226	-1.12813	1
35.4966	1.7756366147384999	89.30377851507741	1.17208	1.25282	-1.46843	0.92489	1
47.7251	1.504360960208686	111.37182060148737	1.93278	0.83497	1.48039	-1.95065	1
50.9185	2.6802940078814546	194.88635492264308	0.362578	0.452496	0.687274	1.82343	1
16.8216	3.172653345021576	576.3707319899344	0.286426	1.36508	1.4335	-3.04313	1
21.5494	1.7902881387822271	83.26993577475969	-2.45441	-2.17333	0.0136388	-2.46253	1
21.7466	1.8787286562992538	95.75756800653973	1.70858	2.38072	-1.33948	1.145	1
31.9956	1.9064676245814762	93.52672627255326	-0.952127	-0.861352	-0.819668	-3.13253	1
33.3274	2.3408774899396994	111.04816732162257	-0.178236	-0.509742	1.43147	2.50463	1
50.7243	3.3987971787032247	225.85369334367766	2.24004	-0.776515	1.29329	-0.289744	1
25.1838	1.8531353761754699	93.1692042980089	0.998637	0.698369	1.39417	-0.559993	1
37.391	1.4719425741482313	94.17661188918352	0.728951	1.15364	-0.221954	2.40343	1
48.1291	1.1388408540309747	112.73571795484487	-0.267806	-0.566439	3.13285	-0.347618	1
31.8126	1.5342449097588688	86.14670291579303	-0.910469	-1.47198	1.66078	-2.56752	1
33.6868	1.7143304419239502	87.66771128366186	1.29036	1.63996	0.763184	2.80163	1
31.7146	1.6106304802222637	111.17699928113684	1.36882	0.883431	-0.997997	1.32962	1
31.8782	1.55767649373193	102.04215635058637	1.25832	1.38379	1.52753	-0.224015	1
34.9338	2.314937404382676	133.66537816763733	-0.276369	-1.25561	1.98129	-2.8353	1
23.3164	2.065898135313878	91.28682281442926	-0.0016803	0.0811913	1.04674	2.84377	1
26.4309	2.463561340401843	122.51098106718068	-0.37829	-0.463701	-2.18775	-3.05246	1
32.6283	1.9051349402224693	96.70183300036254	1.16423	1.80188	0.651702	2.77871	1
40.1111	2.021625154596161	91.79355299057649	0.19463	0.0541061	-1.57854	1.19498	1
41.5891	2.464807741413954	112.99398165529703	-0.299361	-0.40861	-1.10022	-0.0642954	1
75.1134	3.14283052801557	263.6095852296537	0.834757	1.44571	-1.35357	-1.21955	1
33.1813	1.9380205355570925	87.22687471932028	1.16673	1.75141	-2.21063	0.886279	1
32.6059	1.839276428936556	87.72172800549247	0.0355212	-0.0591957	-0.951955	0.781594	1
33.2858	1.7424990608459447	84.18372727413947	1.11724	1.73822	2.46287	0.347163	1
30.8193	2.002157734374086	100.20013841531856	-0.121196	-0.335037	0.343255	2.61957	1
25.8226	1.5393974416313023	92.49437832683887	-2.17616	-1.37477	-2.79066	-0.394987	1
30.0768	1.6737166695710477	95.11355820421134	0.156131	-0.472789	1.24702	-1.11521	1
21.8495	0.5277409830371335	72.49066410883542	0.123418	-0.387458	-3.00928	-0.530697	1
28.949	1.5632422923206752	83.74582226927039	-1.58558	-1.27624	0.894418	-1.55627	1
48.2848	1.3947152212519944	126.83455364861582	0.942204	1.31681	-2.4232	1.8813	1
32.3854	1.732045381911225	89.32204605130238	-2.23995	-2.07084	-0.933128	1.40336	1
29.8105	2.5669351906348474	136.92427670551447	-0.919903	-1.44738	0.360388	-1.69767	1
14.8194	2.806349535814752	113.5866221076492	1.32292	1.15844	-1.34355	-2.39319	1
25.7234	3.0065728448244853	85.59330991864952	1.76245	2.15872	-2.70792	-2.14614	1
14.7397	1.996578544007946	96.74665566969836	0.381748	-0.0411653	-2.18606	1.80345	1
35.5888	2.0986733667423723	107.74988707730232	1.04096	0.885739	-1.36662	-2.86133	1
19.304	1.243968425112149	86.69075137275948	-0.398883	-0.445357	1.38765	-1.18695	1
50.8661	3.228837746801925	148.20663253233678	0.434717	1.74048	-1.27203	0.780847	1
33.0698	2.936954628830687	169.3960196385216	0.881387	-1.26521	-1.63405	0.631099	1
30.5812	2.5784095220924352	150.4417640280085	-1.23964	0.00336097	-2.85355	0.628394	1
31.542	2.6771661896671337	136.9832178106311	0.125154	-0.37678	2.6018	-0.0841222	1
40.3437	1.8764665757897208	96.9323285220995	-2.00356	-1.12963	-2.99716	1.26491	1
18.4121	1.7165723271059683	87.22168865342555	1.22996	0.928841	2.82645	0.98748	1
42.7987	1.9483057335541563	145.62141159082702	-1.66593	-1.7386	1.81287	-1.17138	1
23.5997	0.9691168042609721	85.50774290424465	0.756221	1.42857	-1.0349	2.25166	1
83.3524	2.7260162331607636	224.31814599549446	1.97008	2.0727	0.999305	0.254884	1
29.3351	0.406395537126086	78.79389936976023	0.478791	0.671555	0.402322	2.74351	1
20.0162	1.6645361563453647	88.64319325557378	0.649765	-0.434876	-2.75248	1.69055	1
16.4062	2.968755890727461	86.55545450773162	-1.76934	-2.3866	0.336468	0.148433	1
26.7922	2.0161842668268197	83.95641565477888	-1.20079	-0.483244	1.17167	-2.82367	1
69.8018	2.631808799849606	284.9427488238042	0.266573	-0.502026	2.41947	3.07425	1
10.299	2.9480734022457784	242.8888285409294	1.06424	-1.39977	0.614895	-2.17435	1
34.5965	3.309301583612621	115.92874416877765	0.25705	1.42048	-0.22506	-2.30026	1
30.1723	1.0373430777712842	112.70358109536713	-1.11167	-1.62246	-0.574859	2.68197	1
40.0903	2.8987725703476634	160.78944809959984	0.2218	2.40225	-0.98804	0.78656	1
16.5971	3.133912830073612	152.84318107161442	2.44136	1.14344	-0.806915	1.8067	1
14.4269	1.757941102496042	90.12279217030506	-1.02583	-0.473511	-2.70134	-0.202718	1
34.9278	1.9174887395194788	97.5436925182023	-0.371722	-1.3588	1.67885	-1.017	1
50.1489	4.3220281720651705	365.2290469000515	2.19911	-1.77046	-0.821121	0.459165	1
33.4776	1.4873081263547971	106.445477960276	-1.20191	-1.71434	0.226059	-2.28893	1
35.0453	1.8894172789181294	88.10514728513539	-0.278014	-0.271288	0.512738	3.10061	1
35.4497	0.45433937574130645	88.79156149610459	0.851535	0.916228	-1.58059	2.7244	1
33.0384	2.2929138280894903	92.13898832951175	-1.6051	-2.05038	-1.76555	-0.809302	1
48.2029	1.7421598537094694	128.8553024975906	-0.847532	-0.735501	3.12969	1.57592	1
33.3784	2.6848168263878804	115.24772514430138	1.32778	-0.0154293	-0.692974	0.318703	1
48.5504	0.63512367409899	180.5011714868344	0.817429	1.06033	1.76091	-2.06283	1
22.0588	1.2461800533486322	87.60832637993148	-0.134751	-0.336443	0.658188	-2.77879	1
33.1088	0.5432525585765795	65.77268684050486	-2.03519	-1.97299	2.63001	-1.49799	1
25.9268	1.6269681509586895	86.9381251465662	-1.46212	-1.81748	0.529331	1.94196	1
30.4768	1.8835632357290741	84.51242489250626	-2.40778	-2.22739	0.678115	-1.47731	1
69.0989	2.3238524479549043	138.49286575927158	1.06752	0.601741	-1.47548	-0.543045	1
42.2608	2.4563921894229703	109.80721486770035	-0.356811	0.132635	-0.560511	0.740669	1
28.4887	2.274217827852421	94.6116627941956	-0.861081	-1.24407	1.55526	3.09827	1
39.8648	2.2141659819356363	94.4507130551035	-0.300022	-0.561478	-1.2007	-0.066325	1
25.9767	3.620440093338639	180.9237067398916	-0.922057	1.18519	-1.79693	2.8854	1
35.0875	1.9482456523858949	103.43800790925302	1.42953	0.978864	-0.193632	1.78407	1
32.1603	3.056844270823558	102.2132839139194	-1.27053	-1.3762	1.42539	-0.513648	1
31.5115	2.625481154655335	130.6351827654966	-0.870875	0.106483	-1.06185	-2.21589	1
38.1531	1.9599416524060098	102.07786572772584	-1.86355	-2.18263	1.86334	-0.360816	1
54.2602	1.419300930155758	153.28533048598325	-0.185791	-1.27107	-0.737864	1.86868	1
30.8852	1.7128175725447237	99.86604028422275	-0.836663	-1.04786	-2.12679	-0.805305	1
66.064	2.3471854032357133	230.87616539666885	-0.625365	0.961299	0.475371	2.56844	1
30.0011	1.7194442654439257	124.5015597624287	-0.290198	-0.76901	2.76513	-2.04057	1
32.6774	1.6675539002173214	91.36129122720189	-0.596651	-1.30611	3.02794	-0.872568	1
28.0841	1.9361340060037164	86.50827398743078	1.53232	1.30462	-0.890274	0.389232	1
42.1547	1.8823406152365199	99.3932404970831	-1.65569	-1.50177	2.3349	-1.63825	1
30.3719	2.444887781553868	89.51079614303171	-0.96932	-1.63572	-0.324458	2.39944	1
35.0087	1.9317296205817724	100.9870816423071	-0.759419	-0.584656	0.870157	-0.976462	1
35.4625	1.4416530593084755	88.36456335298622	1.20894	1.96164	-0.533885	-2.8019	1
45.6147	3.346456070909194	427.44199660724917	1.34476	0.144477	-1.47195	-0.723234	1
34.1984	1.7347198855662809	91.31515686565058	0.0840617	-0.165608	-1.56503	2.67919	1
154.328	1.0535808194440834	434.21778569158994	-0.581551	-0.529927	-0.485892	2.09717	1
23.1113	1.7097628443702377	89.86425005796242	-0.437849	-0.722594	-0.467714	-2.34788	1
33.1389	1.6022621118511446	114.71254799656418	-1.14971	-1.56585	-2.50487	1.6009	1
23.2871	3.02815041475574	120.92131851541151	-0.340275	0.0890256	-1.29603	-0.886305	1
33.5928	2.9096657782551247	109.08254162622175	0.513257	-0.492236	-2.19378	-1.34804	1
14.8418	2.9062236155153873	103.04567803946169	0.325358	1.0115	1.99256	-1.00291	1
23.0203	1.3536393094173942	88.61773874377509	1.24101	2.02471	-0.525327	1.65186	1
30.369	1.2561801336813274	98.07694314379422	-0.853292	-1.93049	0.0166412	-2.69117	1
17.0179	3.6706755427238034	169.3931046184112	-1.91332	0.478786	0.407316	1.13241	1
33.1837	1.8647125492546262	99.53516157523178	-0.265721	-0.966049	0.821161	2.59693	1
30.7801	0.416264074544333	102.63369756694135	-0.0198665	0.325321	-1.74832	1.28418	1
55.6089	2.4963671584075926	170.8542696065497	-2.13448	-1.66345	2.32819	-2.34278	1
15.2146	2.702858244988072	158.91108680881268	-0.2305	-1.59645	-2.94559	-1.10359	1
22.2588	1.4442329309381963	84.4149980619931	-0.0948623	-0.334486	-0.497024	1.85392	1
28.3355	2.0410045542419453	101.46958768602492	0.0875386	-0.289472	0.964199	-0.943978	1
26.4151	1.3287803837632461	89.1971805024688	1.54768	0.498455	-3.06356	0.232737	1
32.8488	2.245595385041592	112.41900474200071	-1.41775	-1.51914	0.226706	-2.42386	1
28.3308	2.128366118171208	93.68352318348194	-0.199666	0.0789178	0.909786	2.3693	1
19.2681	2.801751136220957	110.7089822561159	-1.22573	-0.0307964	0.730254	1.97331	1
33.8756	2.0096695485775764	85.38701018049171	0.950594	0.984942	-1.43129	0.923194	1
26.7631	2.1019218621722793	98.19841672452921	0.133495	-0.0600151	-0.914087	-2.73601	1
51.9897	1.0681240317163545	114.00796424951504	-0.589249	0.237212	-2.40193	0.299321	1
30.4647	1.7707669822492174	93.67619170895401	-1.73211	-1.35909	-1.61321	2.00764	1
36.6029	2.0578852748501313	99.53262347032556	0.457574	1.2466	-1.4839	2.62371	1
32.7992	1.9810606187645647	104.56380239208364	-0.0804722	0.987755	-0.632495	3.13872	1
34.7288	2.2374246025023585	107.33572896553089	0.487995	0.691994	-0.884233	1.14684	1
36.3758	1.861547332514115	94.21744980375054	2.15507	2.41603	0.653258	2.77007	1
34.1239	2.6623691518064296	149.121763280944	-1.43093	0.378495	-0.146017	-2.49166	1
25.6513	1.4464618277817634	82.58325979977418	0.663623	0.0982354	-2.72975	1.68132	1
26.8372	1.4443906824225226	84.8887112522884	-2.13105	-0.968013	1.43123	-1.19282	1
12.2771	3.491455233912423	120.74070212634766	0.235465	2.25586	2.42567	0.916604	1
13.5471	1.9408339451328647	99.62114355089182	-0.149142	0.89806	3.04457	-0.960506	1
36.6484	1.6617980174768534	86.71910572068303	0.268794	0.567897	1.69642	-0.315901	1
33.2399	1.3841350200283928	91.89353066068306	0.768086	0.710823	-1.79543	1.52369	1
34.3415	1.6581637060267966	87.03578128455099	0.819246	0.787267	0.533412	2.80081	1
30.6398	2.211311618733968	113.32692845622886	-0.0133428	2.05756	-0.899842	2.43874	1
64.6565	2.2289313869731386	145.05179222374332	0.382885	1.29179	2.52115	-2.46162	1
29.7366	3.0628843939856756	138.24169990316202	-0.387241	1.12762	-1.47823	-0.87101	1
33.9427	2.2551707644477834	108.16757354158871	-0.35494	0.242312	-3.06697	-0.666396	1
22.1038	2.407522442310961	122.81955361681939	-1.10205	0.202726	0.499275	-1.54192	1
39.1782	2.5322406561559268	108.7637457599158	0.271771	0.375676	-2.90548	2.36042	1
31.7837	0.8035335266807478	90.28633327702426	1.04524	1.05611	1.79703	-0.433527	1
20.9367	1.9733236771267404	91.02122943832116	1.52119	1.67522	2.4141	-2.19206	1
32.676	2.970337332807587	114.13306625186584	-0.999094	-0.0468833	1.84301	-2.41475	1
39.8879	1.7452410792280246	97.81979483616593	-1.42794	-1.33982	-1.71616	0.500675	1
28.896	1.6923139488064856	111.68150648313576	0.580412	-0.191703	0.292904	-2.93894	1
63.702	2.580445978291756	227.75983550599307	0.952891	0.159023	-0.98204	-1.47816	1
31.7016	1.9171848177877895	80.174317037774	-0.715984	-1.1237	0.8667	-1.18902	1
32.2437	1.9435219799519248	93.87242844312166	0.0852645	1.1977	1.99085	-0.425636	1
26.9884	1.3201100035735809	98.57914999531786	-0.20345	-0.0119752	1.5988	-2.57543	1
26.2428	2.14391921756769	97.33587018480695	-2.46996	-2.30711	-0.0475081	-1.98469	1
40.3392	2.0305524774995654	102.71279757279326	1.071	0.382058	-1.61578	1.26361	1
34.2423	2.150409259175797	99.51010679397305	2.00088	2.13387	2.02317	0.152703	1
32.1581	1.470978458068302	84.3563970838454	-0.339526	0.510025	1.53203	-2.56711	1
25.9115	1.628488250381442	95.02584915281686	-0.0864571	-1.42187	2.94289	0.395152	1
23.2683	1.9611835354257385	95.77791614929141	1.28606	1.76662	-0.804994	0.158975	1
40.0299	3.626548815121754	321.90034685657236	-1.98335	1.4852	-2.35116	0.857501	1
30.253	1.7571923405082894	83.85270652232755	2.22447	2.20382	-3.06523	1.04119	1
18.8811	2.996609709675483	103.58070331414486	0.785483	0.0656815	1.41568	1.81053	1
40.4884	1.778758526268251	103.61154725912552	1.31694	0.398984	2.69438	0.536171	1
27.6996	1.5040604876819863	75.41151521432256	-2.21731	-1.52298	0.59288	2.49185	1
14.5988	2.1269161582124014	138.15944297186314	0.138807	0.839479	1.43252	-2.28026	1
32.438	1.7399259692584625	92.16959993954825	2.12182	1.98993	-2.96164	-1.34616	1
47.0625	2.4436153041203834	137.49883871822294	-1.07455	-1.68026	0.066695	1.58783	1
49.1137	2.849421044094077	168.34689731033328	0.0400747	-0.987241	-0.0967092	2.51639	1
29.2722	1.598104386427714	80.44261586795952	2.41732	2.36554	-0.561258	2.27265	1
34.6179	2.170156699111418	127.67424498826533	1.15535	1.952	0.718904	2.65898	1
31.4414	2.319276521299261	159.5873759410624	-2.1063	-0.858565	1.38115	-0.284655	1
24.4173	1.717541623775389	83.11040292457737	-1.03849	-0.946941	-0.491383	1.09489	1
30.0182	2.448632314421914	139.5643381601915	-1.09848	0.0525079	-2.58249	2.22416	1
32.2637	2.2156330987031674	94.94754469877218	-0.150857	0.418373	-2.81606	1.60572	1
30.1416	1.3568314534237478	100.62966282264887	-0.597934	-0.605564	-1.06715	2.49353	1
16.1124	1.1677013786585164	92.43135466729841	-1.70045	-1.05243	-1.85439	0.882821	1
29.8604	1.9058745125453562	99.11055272815261	0.887816	0.114913	2.16778	-2.56315	1
55.4337	3.140473986916625	140.38056900394582	1.26265	0.57632	1.36987	1.27392	1
40.8032	2.096620395937472	91.4817024733859	-1.04308	-1.08893	1.26276	-0.809211	1
24.5004	2.332371812976868	125.6101541652983	1.12214	0.70594	-1.89644	1.72592	1
32.0683	2.87654353071338	111.25847882120624	-0.717157	-0.356677	2.40283	-3.09842	1
23.9166	2.357928912927614	96.0604003715048	0.930354	1.58098	2.89772	-1.68659	1
25.765	1.621991757132261	84.31609080854258	-0.75677	-0.780511	-1.72266	-0.436428	1
29.5288	1.9266424879694206	89.49020809015587	-0.645632	0.103983	-1.65657	2.69384	1
32.6446	1.5794860337847245	95.142627668039	0.499281	-0.909308	-1.32299	2.12471	1
21.9134	1.44460755642917	90.36952672904293	1.93125	1.38482	-1.42415	-2.82549	1
30.9712	1.7834353363169633	88.20943643730763	1.75019	1.89412	1.76886	-0.182782	1
35.819	3.2648096564460163	183.0844062244513	2.27339	0.858387	0.749807	1.60397	1
94.5283	3.052716000455847	262.6667027729246	-0.635378	-1.05466	-0.660145	-1.27458	1
29.9997	1.1981802055617512	105.60339910783127	0.170495	0.856945	-1.01367	2.24094	1
31.042	1.8384974667964598	99.37098457606022	-0.449255	-0.930716	-1.52437	2.37105	1
33.4345	0.6334067581136154	91.38336832152854	0.752761	0.434579	-0.502941	2.21564	1
17.5791	1.2839143893772669	98.02532794404871	0.635055	1.06269	-2.8894	1.05329	1
30.777	1.9304905831238857	108.70581388072121	-1.73403	-0.674163	2.0162	-2.60628	1
34.7913	2.1394741573050142	86.72397519631522	-1.46542	-1.19982	-1.77898	-0.481574	1
31.9228	1.770392136539633	93.17829455156121	-0.684171	-1.02413	-0.112434	2.52471	1
30.3476	1.614875521713361	96.41698090262679	-0.746085	-0.53559	-2.77075	-0.286868	1
74.6372	3.0456852842932345	217.40867287643718	-0.105946	-1.06482	2.47711	-2.88223	1
27.9672	2.0732567373826076	119.44505624414391	-0.504908	0.257146	1.20225	-1.38283	1
27.0252	2.0613400369512065	92.55328959219926	0.648123	-0.19364	-1.90783	2.49739	1
55.5239	2.728851920359549	203.30256584599786	0.865792	0.049245	-1.71259	-0.281641	1
23.5523	1.520099811063529	89.47700545682115	1.51893	1.976	-0.516925	-2.67443	1
39.6457	2.253811514435269	119.48215578876204	2.15573	2.38715	2.95282	-2.10353	1
34.2392	2.3010031158635953	93.0490450567902	-1.18134	-2.16902	-0.98893	-2.91735	1
31.1928	1.6383329791269896	100.36137776332636	0.343616	1.13846	-0.103682	2.3011	1
27.9168	1.6801948126239166	100.53681421521071	-1.10092	-1.40103	0.214041	2.90314	1
13.8085	3.5281937376977703	125.11531722438104	-0.476766	-2.14688	1.85656	-2.9463	1
41.4862	1.1953299206256365	102.2586857891568	-0.0959367	-1.1247	-2.45099	0.33267	1
21.4175	2.861710786592699	96.04659155505051	-0.856791	-1.75144	0.998384	1.60183	1
26.9137	2.0085772428980673	110.78222768762417	-0.162706	0.452282	-1.65791	0.141338	1
44.5864	2.6796437926995074	131.7884618956087	-1.58383	-0.321662	-2.71635	-0.797113	1
34.411	1.7518782951164158	105.37679107521352	0.20215	1.13668	-1.40426	1.34739	1
15.591	3.1449195264759955	132.74965903655607	0.616393	1.1358	1.84608	0.609061	1
15.0896	3.0541155401116713	145.43919377560368	0.208938	-1.05189	-1.77528	0.694921	1
37.6917	1.562460611399852	103.39840139656717	-1.36053	-1.82437	1.8114	-2.42954	1
37.8078	2.0803711272224965	93.51101845929118	1.07759	-0.314169	0.348071	-1.1186	1
15.1579	3.1829696758376724	106.74232601490704	0.342308	1.09099	-0.31548	2.26358	1
22.5767	2.2745064247493345	83.34136765495691	-0.532377	-0.129262	2.10769	-0.233671	1
27.9148	1.7374242144151206	90.54817320585931	1.4338	1.02732	1.63555	-0.420854	1
49.07	1.6169567348364642	130.45102189580578	0.950667	1.46456	0.619666	-0.901168	1
12.9501	2.869320079066816	159.46811374562344	1.35563	0.893436	2.48586	-1.80993	1
30.0587	2.2036667620466126	120.45412267012613	-1.53569	-1.06928	-1.97318	0.442947	1
30.922	1.642008852305406	89.33117475996313	2.20119	1.91118	-0.0365557	-2.24008	1
24.201	1.6424192361525727	90.08556022368398	-1.43482	-1.01695	-1.91344	0.403328	1
33.2858	1.7261620297294769	90.6915534526292	-1.06352	-0.828626	0.18057	2.77303	1
37.6172	2.397512461168281	124.52195770467955	0.475689	-0.707732	0.919147	2.85536	1
37.1243	1.4137145723150768	93.34296294156297	1.06331	2.07926	-2.61398	0.510769	1
53.5194	0.5993569733272485	126.60768394386758	2.0294	1.95229	2.71756	-0.143673	1
63.0183	3.449909120120121	383.3981049372068	-2.45042	-0.912949	1.44304	0.848731	1
35.2898	1.7466307849553693	96.68653809585697	-0.636813	0.0772279	1.15605	-2.25345	1
41.7804	2.2962402333256557	100.90589158133231	1.24175	1.39627	0.845774	2.28489	1
30.6128	1.7365340715908801	84.69575725071363	0.210461	-0.165625	-1.57219	2.37059	1
29.7874	1.5864216320355855	94.42669771340626	-1.26431	-0.337342	-1.26549	-2.99105	1
29.2281	3.61985549037541	177.2195704189509	1.14668	-2.0837	-1.40808	-0.479611	1
24.9181	3.0782413778519713	183.47899952444152	0.377156	1.431	-2.02004	2.10149	1
36.5594	2.1854058664918994	94.22682450119552	-0.126996	0.0511851	1.17636	-2.54006	1
28.0759	2.1767712924917033	86.36404134622178	1.17142	1.37897	2.57287	-2.0588	1
23.937	1.870826792553763	102.3174905621082	-0.909674	-0.304058	-2.97706	1.03899	1
45.3325	1.6602606616000684	116.87977853175072	0.139344	0.0869997	-0.369126	2.99248	1
33.6418	1.934983301187894	107.90736441631593	-1.41354	-0.686964	1.37453	-0.74269	1
40.822	2.343185940912184	118.90391688818828	1.76346	1.54114	0.00230143	-1.04972	1
33.8612	1.7903255773097941	83.1860738532958	1.94032	1.97911	-0.990852	1.35459	1
25.9351	1.5028277561147851	81.58654344037625	1.31633	1.40612	-2.28666	-0.139113	1
25.7679	1.4498787123085546	90.16499563414341	0.771336	1.29899	-0.0407197	2.29867	1
32.3136	1.8650287481548153	89.66921742456549	1.63042	0.810121	-0.228248	1.8729	1
34.5411	1.7533384803412795	100.7754220304987	1.84314	1.74298	-0.0923932	2.23367	1
42.8278	3.0191090454546354	179.5767595454334	1.40406	-0.815551	-2.32839	0.103755	1
18.0342	2.2463561824894276	106.75254855650616	-1.28947	-1.16023	0.40782	-2.23051	1
42.9411	1.271031655294627	100.52808991575938	0.901841	-0.178215	-1.14856	0.551391	1
18.7914	2.290592753261003	103.36079477359604	-0.627207	0.0020129	-1.09487	-1.62491	1
31.6466	2.90133455950501	133.9133625900903	-1.06917	0.0601064	0.341559	0.601534	1
52.4722	1.381395157669235	123.39976997784737	-0.514302	-0.0319621	0.827612	-3.06157	1
45.605	1.5306454569650314	113.6249385502875	-0.0978603	0.906026	-1.04543	2.70625	1
38.0908	2.183038744666022	119.50543295652753	0.180918	-0.74215	2.89397	-1.72202	1
21.81	1.2795006900463164	88.01049689784168	0.356731	-0.476446	-0.628736	1.69819	1
25.4173	2.296375842874376	102.87907816547734	-2.02133	-0.838319	-2.88639	-0.726114	1
25.8439	2.9362762436634156	198.87675339918442	-0.330054	0.482431	-0.519866	-0.858127	1
43.8847	3.101020656316333	185.63711547551583	-1.519	-1.242	0.735406	0.810161	1
34.4402	1.5283644916140946	92.59600469569408	-0.0506499	0.215796	-1.0955	1.17028	1
20.298	1.053005703925672	88.24611787112843	-1.23934	-1.38132	-1.69392	0.47966	1
32.2483	1.7533814835354569	89.18505335358891	-0.233199	-0.641577	-2.52242	-0.350271	1
41.2021	3.3186507011930315	106.831446162483	-2.41093	-1.21035	-2.18412	-2.80056	1
32.1935	1.918711376809446	102.43839584628165	0.746537	1.42117	-2.21126	-0.218117	1
36.4183	2.0726421344170824	103.25036859815569	2.2021	2.3613	1.51702	-0.343111	1
34.0373	2.1185932733962884	92.87358050461069	-0.936506	-1.24571	-2.99735	-0.905588	1
33.4922	1.9119933329389018	98.10378301540258	-1.59095	-1.04458	2.03876	-1.8217	1
27.9106	1.5236554093179995	82.85245681366365	1.86452	1.22417	-1.08995	0.749498	1
36.8514	1.9377204980337077	98.79352253215006	-2.49758	-2.20556	0.584608	-1.05657	1
16.6623	1.7245326297802122	93.16119797610698	0.216048	-0.0756413	-0.539374	-2.49178	1
24.414	1.5584379610160939	79.04812844490122	-0.28741	-1.07997	-1.08899	0.514074	1
31.2479	1.893301580368273	95.7875827899745	0.109195	-0.496105	2.63328	0.387665	1
32.5133	3.7318893668071236	371.4158505481052	-1.44514	0.780512	1.70481	1.6917	1
23.3989	1.6583951263210226	101.1901268920866	0.219622	-0.0748309	-0.199758	1.60776	1
22.7797	2.4892043027345103	199.60377533478672	-0.219932	-0.657608	2.77082	0.732594	1
27.657	2.538496697665906	104.47531837665535	-0.299179	-0.304875	-1.91179	-3.01042	1
22.0233	3.171776215577007	129.0796430336368	1.01092	2.14901	2.27669	1.24905	1
39.3575	1.7784323256441077	163.58978648061523	1.08131	1.10149	-2.84159	-1.78179	1
22.6775	1.4202690862540972	95.33312497311834	0.50228	0.278416	-0.139339	2.51895	1
27.3947	1.48904495615755	89.82486970234525	-0.672475	0.0909518	-0.109772	-1.85681	1
28.272	1.9091616882445026	92.71655126438647	0.744622	0.374016	1.35623	2.21766	1
16.8222	2.031598354610418	99.32040292846081	-0.19031	-0.503803	-1.46759	1.49357	1
38.5108	1.739983036591162	206.8927775952216	1.38056	2.2282	-2.62263	0.285165	1
12.2587	2.936116177152408	126.79974081169865	1.76274	1.9297	1.45538	1.74274	1
17.5826	3.2375560452602206	130.68917889258273	1.52704	0.177285	2.19979	2.65028	1
43.3897	2.2346576293696536	108.99702237102225	-1.50746	-1.77512	-2.74321	-0.91444	1
17.4701	1.8965689353577424	105.73953620325749	-1.39217	-0.874562	2.32644	-2.23101	1
24.3683	1.7309416377339242	92.28073148874961	0.217853	-0.872518	-1.81162	1.18866	1
28.3756	1.5130567948431413	86.97912690717854	-1.60494	-2.45017	3.03699	0.625039	1
25.4757	2.641649940866882	156.13011153574283	0.8422	-0.319609	-1.50667	0.699411	1
30.5035	1.928418339421657	105.552703878157	-0.088917	0.308633	-0.248427	2.13481	1
32.7956	1.5427609028041251	97.72089856576227	1.6202	1.41543	2.34056	1.08626	1
38.6228	2.588732681468096	183.42272467671458	1.63268	2.25829	1.84121	-0.291799	1
34.8516	1.9608861901359826	92.58781205756728	-0.23454	-1.18488	-2.57922	1.69532	1
31.6066	2.4240113156386047	107.57374443626428	1.00415	1.50756	3.0175	-1.47737	1
27.6841	1.5795209128200867	77.84196177334819	-0.691938	-0.768382	-1.06624	3.07267	1
43.0469	2.5096253649542546	128.90422998833517	-2.13698	-0.684243	1.10781	3.09079	1
38.0243	2.2584861717356164	118.21881150905554	-1.56779	-0.670026	-2.83206	2.20379	1
39.1237	1.8663341818591868	97.1948443632665	0.551509	0.366183	2.38581	0.75426	1
17.8729	1.4867378268464146	76.86277641348899	1.55657	1.62019	2.25161	-2.44716	1
43.6188	2.0542835106968464	91.84427494022776	1.14718	1.33539	1.41395	-2.06789	1
38.0217	2.258329097576113	102.41417346392979	0.604594	0.189352	-0.614428	-2.03893	1
25.4318	1.9449388385848614	101.12416399946162	2.32706	1.97552	0.803416	2.19764	1
35.4486	2.3665878870992727	92.10812729362107	-0.486326	-1.2524	2.17771	-1.85437	1
30.3492	1.76161185399685	86.99802779460956	-2.16315	-1.18799	0.0772215	-2.54378	1
19.4768	0.8895960636346419	101.67470311074382	-0.498032	0.30639	-3.01743	0.305079	1
43.2173	1.8519319659914617	105.06124065129397	1.39442	2.09005	-1.3957	0.607301	1
26.5283	1.8682043024650705	97.25606711264854	-1.21084	-0.991047	-1.1064	3.01297	1
33.2436	1.9211934143456249	92.79818177954782	-1.40755	-1.82794	1.95314	-2.35419	1
21.5443	1.4386059550307722	93.88139817112386	1.27418	0.552295	2.87336	1.62127	1
31.8386	1.6005167670474434	88.46527322478538	-2.01917	-2.28097	-1.22255	1.20957	1
29.3536	2.3278846745010213	104.16997909128807	-1.21346	-2.20943	-0.962239	1.28258	1
45.6455	2.613995524679354	127.75978342398167	0.831607	0.124196	-0.253473	0.733531	1
45.1027	2.1210343908065235	122.09505100896547	1.82735	1.62048	2.94331	-1.24365	1
33.3529	1.7688828019201837	95.26232807214927	0.694278	0.473255	-1.65539	2.96944	1
54.4088	0.8263496688399496	131.23211505841473	-0.35051	0.0940534	0.5404	2.91719	1
12.7232	1.3506759166717233	92.49730755961279	-1.13407	-0.658144	-1.46659	2.02533	1
31.1493	1.796955078582512	87.67781195558834	-1.98868	-1.48666	0.472825	-1.77926	1
29.9349	0.7464299515065027	94.4677591262093	0.573263	0.968278	-2.79541	0.444466	1
31.7624	1.6130881696550252	97.00489372660546	1.81112	1.37232	0.440778	-0.321301	1
61.7966	2.545349920911538	182.36433824917063	0.364027	1.65524	-2.40554	-3.13772	1
34.883	1.9674971469064446	91.22506338135564	0.592148	0.959446	-2.63095	-0.373989	1
21.6148	1.4913765742202738	83.87508881870588	0.378128	-0.203874	-1.17135	2.05172	1
27.7659	2.81377794235597	151.55256059090658	-0.41966	-0.781927	-2.78978	-1.16529	1
28.7318	3.3250094814092304	114.15892445983845	-0.282771	1.34867	-1.12067	1.74367	1
29.6299	2.086586350574546	102.35457753905104	-1.5214	-1.9254	-1.93058	-1.6042	1
32.399	1.721660734813918	91.0554199047613	-1.10324	-1.17487	-1.94599	0.48583	1
20.6077	4.084847759439756	250.3742332625117	1.80431	-2.27162	0.290219	-2.5116	1
33.7355	1.7978943197777224	100.80204357770887	2.37572	0.953353	0.569375	-3.04562	1
26.0516	1.1734866756299365	93.89983261449407	0.955668	0.322388	-2.79952	0.745835	1
34.1299	1.912076318512016	83.71385002889302	1.55914	1.12969	-0.154818	1.63645	1
19.2895	2.4381698864250425	102.40906257756977	-0.0684635	0.108693	-1.44469	-1.6671	1
38.1708	1.8976652304912585	117.8080213545525	-0.154354	0.0586322	1.76257	-0.467865	1
26.6035	1.4111753345293419	81.2851939830293	0.295478	1.67645	-2.4256	1.51637	1
20.5981	2.9262987877400692	227.5645840417053	1.8678	1.0506	1.54936	-0.181353	1
23.2884	2.1412597135283447	98.47768293502797	0.497407	1.42145	0.194386	2.22829	1
26.158	2.061738298296852	104.7326787467021	-1.71542	-2.25655	2.91442	0.754478	1
38.5545	3.8195886787272	180.60573912544973	1.21119	-1.53724	2.54357	2.44628	1
34.0277	1.9218283477985227	88.34493967990473	-0.586528	-0.634119	-3.00888	-0.263849	1
34.2701	1.792055815593086	88.62166825593785	-1.14384	-0.202125	1.83576	-2.35902	1
22.6922	2.215151266164763	93.31215900989255	-0.0338521	-0.0389902	-0.355496	2.08572	1
20.0463	1.2713224524730145	116.7233799242461	0.608843	-0.563376	2.91067	-0.797318	1
12.7648	2.3991913224014234	98.70157312590374	1.98878	1.92706	0.0524713	2.89602	1
33.785	1.8718259373450539	91.59796945985588	2.23798	2.304	2.54297	-1.79164	1
27.1878	1.4513195063875493	91.43833504971532	1.13359	0.371629	1.77475	-2.63185	1
27.675	0.41220995058950244	91.99332513770226	-0.37833	-0.269259	-1.97341	1.20754	1
56.7003	2.1040870606042343	126.79169779960517	0.428381	1.22683	1.19013	2.57927	1
32.5552	1.6491529551973036	101.81070459593087	-0.367626	-1.05052	2.84093	-1.80766	1
20.5938	2.590388685709277	94.67351662448957	-1.4876	-1.39753	0.59804	-0.777173	1
43.0023	1.6679817480248398	107.79608669756983	1.29644	1.72612	-2.42895	2.19732	1
38.7341	2.579888002250913	109.80382356067918	1.20789	-0.0687289	-1.69619	-0.170539	1
34.2905	1.7668615609254732	92.99245363466	-1.77505	-1.57611	-1.48118	0.508184	1
32.5827	1.7751516635042763	97.5228523770952	0.493581	0.344482	2.66874	0.307089	1
27.1185	2.204103344168524	95.33285285574156	0.698381	1.57024	-0.00786229	1.79892	1
44.3248	2.097239742802191	127.82453048910448	-0.814499	0.676334	-0.707104	0.71331	1
52.5272	3.145602521340289	135.62439127712977	0.256678	-0.107517	1.47023	2.49109	1
29.1673	3.146020223259857	145.81657468697136	1.96463	0.395236	2.95125	1.88336	1
12.9543	3.1745523198713452	125.12936562629254	0.200375	0.692691	1.8397	1.20401	1
46.0039	1.5066246521931068	93.42276052092447	-2.3358	-2.26344	-2.88315	0.698934	1
161.681	2.890395541250888	387.52046350037614	0.0606324	-0.111335	-1.94654	-2.39203	1
26.3701	1.617808202497441	94.95835220949445	-0.306107	-0.999349	-0.197034	0.996038	1
33.3261	1.7655019967485766	97.8117536637801	0.0704656	0.0823495	-1.42504	2.57453	1
30.5108	1.5745185773765897	82.9652847077019	-1.86818	-2.39293	-1.92139	2.10397	1
26.9117	1.6933511099847234	86.29603622617901	-0.724086	-1.26969	0.788085	-1.96179	1
32.4262	3.0410543864975517	286.4268664529395	-1.27379	-1.64056	-2.51382	2.67373	1
20.0787	2.051218160889341	118.67036909577386	0.828873	-0.0345805	1.01537	-3.05577	1
31.5566	1.6724491993254995	76.3204669953447	1.05694	1.34247	1.39323	2.84754	1
39.3976	2.419584825570931	130.2368549658201	0.246714	0.354587	2.01569	-0.000341036	1
39.1966	2.4354366366271987	189.59067295737418	0.821369	0.940218	1.83368	-2.61003	1
52.3944	1.7941898658743463	137.40121234797166	-1.65139	0.0812147	0.0531794	-2.94132	1
35.5007	1.917984321579298	95.7985750319492	1.57902	1.43188	1.64159	-2.76991	1
53.379	2.75568722045881	180.32865948323348	1.28223	1.1861	-1.05738	-0.44727	1
25.8251	1.5562314548727305	85.13954607904073	1.8167	0.730175	-0.73911	2.25004	1
28.5882	1.8738041856311987	101.59159708803627	-1.43567	-0.424353	-0.578757	1.38741	1
44.393	0.5702749455477815	98.17807559630947	2.08378	2.37038	0.634054	-2.67129	1
27.6512	1.0198771614581827	86.22032635135407	1.19923	0.228422	-1.10601	1.66407	1
30.8132	1.7076755277569566	90.80496739309693	1.89598	1.55482	-0.836342	1.3414	1
19.9287	3.7496901025850122	211.8447500019285	-1.38138	2.2321	2.97284	-0.172472	1
31.4534	1.987969819011345	123.97804281385474	1.40157	2.05354	2.43382	-1.41357	1
45.6404	3.056359031628746	153.61885150549563	-1.11055	-1.24466	0.142152	1.95005	1
88.5124	2.363925919906273	274.3789839736455	1.6603	2.00052	-0.677624	2.62143	1
18.3524	1.4536801984274257	87.3645036547401	1.17225	2.35302	-0.232735	3.09803	1
22.6262	1.194275760308732	86.30514885645643	-0.568611	-1.68928	1.6696	-1.46786	1
44.582	2.1317462102098363	132.2686730008599	0.104178	-1.01506	2.17667	0.45099	1
39.1859	2.791899115250406	109.116018185249	2.25618	0.96695	-1.60048	2.97962	1
16.6258	2.727695065268971	105.64719200583328	2.01604	0.114748	-0.528837	-1.35364	1
35.338	1.9493837561724474	97.4471032304347	1.7815	1.96023	-1.51391	0.188167	1
23.4652	1.3045374983111833	80.4453345742088	-2.04911	-2.11097	1.8843	-1.2267	1
55.3624	2.9640108336215643	294.756352832369	-0.647479	1.07687	0.245667	-0.545955	1
37.2138	2.515637607333651	111.01268810469368	1.74247	0.914376	0.704099	-1.09896	1
32.7434	1.8118401460147613	103.61739378004786	0.350337	0.305907	0.56084	-1.75476	1
22.2854	1.175894308776516	92.72330684615655	0.309822	0.702989	-2.74328	0.277482	1
31.0792	1.7341775819012883	91.24026410879732	1.42149	1.61195	-3.04442	1.35389	1
31.0523	0.6413249716867417	92.31807796105593	-0.767767	-1.31922	1.83252	-1.45158	1
34.4857	2.2618637897808505	105.64485970532407	-2.05167	-1.89826	0.858821	-1.0174	1
31.8724	2.2015311409311042	85.70615936219988	-0.787186	-0.138191	-0.133928	0.0881921	1
39.749	2.265944820031591	99.75945543301202	1.09617	0.322988	-0.10545	-0.837698	1
25.0107	1.4835530425414523	90.19408722364399	-0.502898	-0.617951	1.89785	-0.203725	1
43.298	2.7347352989777836	87.56377091544367	0.714765	1.06562	-0.0854644	-1.56628	1
47.4198	2.4482500292096394	131.77861792633266	2.29206	1.82649	-2.87565	-1.9112	1
28.151	1.8727857947307696	100.86686932092012	0.575082	0.257601	1.93902	-0.0205206	1
26.5906	2.9233587067977136	109.07924387503793	-0.919187	-0.25553	-2.46193	0.497581	1
30.7859	1.9032504629315083	98.9365596751328	2.34026	2.18078	2.92334	-0.857467	1
66.6202	3.0018095894825176	321.8924274663168	1.32145	-0.813176	0.557276	1.52464	1
27.3826	2.510926769938542	125.02201466076284	0.646954	0.494841	-1.27741	-0.178245	1
24.466	3.050254116800432	94.37075779450933	2.08385	2.16322	0.8039	2.35259	1
17.0426	1.126736328254752	90.23056844731225	0.129423	1.22212	-3.1399	1.94115	1
41.7435	1.6776923769523422	158.1180639451155	-1.4986	-1.1458	-2.1075	-0.162278	1
37.4869	2.0099929013252757	101.94496618688737	0.652022	0.962895	2.1978	0.318487	1
22.0868	3.0008632934302284	112.3847534270678	-0.919706	-0.0486613	-3.11967	-1.83012	1
27.9959	1.7400331799208806	89.24132658442387	-0.0889507	-0.379196	-0.35759	1.90755	1
26.9874	1.776253901595404	87.08697890200294	1.89459	0.881154	-0.097923	2.01713	1
33.0612	1.4803839030873276	123.59785244436901	1.328	1.88484	0.538906	2.70819	1
38.9932	2.5949662183701525	155.40486708646415	1.31109	0.0823973	2.73373	-1.84298	1
15.0205	1.4199986520940786	88.21432957414005	0.740392	0.387499	-3.08714	3.10886	1
26.7139	2.5982489485482834	101.43108784729004	1.48835	1.42661	0.0499975	-1.79886	1
14.6651	1.7418323896632535	100.47217004159259	0.443039	-0.156729	-2.19407	-1.00994	1
25.156	1.9196932836476768	95.20628006566587	-0.85002	-0.985721	3.13413	-1.37266	1
23.2686	2.4100778744056632	103.15460370529178	0.0680044	0.941395	2.86755	-0.0452544	1
32.7632	1.6589188164029633	97.79851879724373	-0.0191831	-0.160754	-1.88588	0.765893	1
32.9855	1.643016108801128	102.81368287354753	0.349287	0.298339	2.4496	0.639776	1
25.079	1.493828412107629	81.85522292633132	0.225948	1.65396	-1.49942	0.986024	1
44.1586	3.0290918176805364	223.3097633233207	-1.50625	0.86674	-0.404457	1.82381	1
32.1864	1.457855872237719	94.77896796923406	0.678385	0.464542	-1.34277	2.33598	1
39.053	2.3112393493123986	122.53214305462878	-0.639773	-1.67731	2.33553	-2.34508	1
33.3591	1.7520785924635345	98.85126248342503	1.49752	0.509132	1.98072	0.136605	1
34.4011	3.164347920881805	98.58889081326558	-0.318077	-1.29691	-2.7238	-0.79283	1
41.5194	2.6658232952693997	177.62922719102818	1.32073	1.74185	-0.36867	0.137729	1
25.5836	1.3782992923159687	102.87368732393671	-1.25451	-2.26725	-0.406327	-3.01751	1
32.6404	1.828780575774196	94.56680711271582	0.505475	1.48419	-2.59159	-0.346318	1
42.5206	2.2024465656909817	88.41347155100516	2.02648	2.03449	-2.80189	1.82089	1
29.4555	2.2859663802646706	150.0363508448714	1.39146	2.31693	1.6857	-2.12734	1
38.0274	1.518886274215162	109.49069927357479	-1.21575	-1.6093	0.212987	2.81457	1
28.0904	1.8172383301372692	102.10571315803587	0.0486403	-0.527745	-1.49023	0.801002	1
25.8345	2.0577551783171515	84.37350648890623	-0.745678	-1.02663	0.930322	2.98402	1
32.7155	1.6500596858674537	83.17668859949889	-1.1356	-1.60527	1.90131	0.221055	1
40.0571	1.7185173535638214	160.41137130699306	1.44937	1.82626	-1.14484	2.8679	1
22.5997	3.496075326202369	133.66077170198582	0.517059	2.3017	2.70259	-1.72777	1
27.4177	0.8370951281059339	95.6649309664367	0.756388	0.503047	2.77879	0.0400517	1
52.4741	1.4351236005751657	162.03945573513724	-1.29285	0.0415373	0.192742	-2.83378	1
21.7871	2.555425370757553	75.56439623631222	-2.4216	-1.15915	-2.75675	1.02436	1
39.4064	2.026291019099922	105.25402176748212	0.334647	0.455681	2.60499	-1.09852	1
13.3971	1.3758404139100298	79.52971806927522	-0.870426	-0.438475	-0.249956	2.07797	1
52.3333	2.291658541193335	197.09893097492696	-1.68027	-1.68412	0.0207357	1.72194	1
34.1389	1.9455573627976122	101.06258551783642	-0.392552	0.939604	1.51382	-1.15914	1
35.8008	1.6957863964015916	98.14496684633143	1.80766	0.692036	-1.02561	-2.76013	1
30.1699	1.5972750018158925	106.99373936781349	-1.49948	-1.05408	-2.71523	1.57679	1
34.2072	2.435722813042969	94.4028334604422	-1.55788	-2.38245	0.373563	-1.77315	1
53.4516	2.519783125687804	134.34790410921156	0.428964	-0.252835	2.22372	0.98986	1
23.6747	1.7755841682556197	84.04370243494643	0.705508	0.544532	-3.14057	-1.22884	1
34.8677	2.261712054707672	126.42424051071961	-1.48209	0.199663	1.42591	-2.26727	1
34.1238	1.8414582444627956	88.53825616927405	-1.54792	-1.83998	-0.930156	3.09756	1
25.3042	1.6175574638980372	86.05364068817252	-1.63162	-1.73584	2.0443	-0.0965035	1
17.7121	1.9926682335812955	95.54762897722108	1.53572	1.86083	-2.55911	-1.63436	1
34.0163	3.0095328076186743	111.02833304913682	-2.3995	-2.00119	-0.678511	0.705587	1
34.6688	2.5589415567404603	108.39224760547867	1.11726	0.695679	0.247972	1.63573	1
46.5095	1.5899248796239192	110.58667331518747	-2.02989	-1.30936	0.27716	2.64045	1
34.3814	0.9421101013915517	129.7608164698585	0.911118	0.132956	1.28163	-2.14343	1
27.8662	1.5965710936382413	102.60010162422604	-1.93175	-1.37864	-2.39112	1.46068	1
44.2374	0.5605411345735476	131.57756898202666	-0.956127	-1.24337	0.565088	-2.31366	1
122.883	4.429749493765433	969.0073383791787	2.1444	-1.37448	-0.713187	-1.29562	1
23.1479	2.149992192343875	96.93861336571395	1.35441	1.10731	-0.0153457	2.45576	1
28.5134	1.4965164703403702	85.03210108484835	1.11633	1.45289	1.19122	-3.04582	1
36.2059	1.6727952612417936	88.52192543390366	0.903845	0.993182	2.95135	-1.13276	1
30.9229	2.9142164827242016	262.5425381274467	1.91767	0.731467	-0.612489	2.09989	1
17.6409	2.0561050025725827	73.10141525863263	-1.69435	-1.52723	-1.60998	-0.831582	1
39.3644	1.889841901813218	86.46487296295705	0.836535	1.32633	-2.91758	0.567598	1
35.363	2.0787827050665975	132.4644168876767	-0.487568	-1.47079	-0.486287	1.22243	1
25.1325	2.651652555049594	102.67252105080172	-0.486239	-0.719325	-0.47193	0.507707	1
35.2749	1.7913836069639086	82.92632083466866	-0.580447	-0.669569	-0.489688	2.38738	1
35.5889	1.9658613511639116	101.69599921712702	-1.06255	-1.43353	-1.15884	1.05093	1
69.6525	3.2955205399070118	219.0607703444245	-1.90461	0.376005	-1.92999	0.706372	1
33.1142	1.1332760811580733	90.18786680003635	-0.132072	-0.382082	2.30393	-1.42612	1
47.8994	3.1368678331139486	189.50412565073685	-0.28024	2.01144	2.73224	-2.27929	1
36.0761	1.7074518064835504	126.9961413266104	-0.221328	-0.160146	0.615306	2.54521	1
30.7777	2.4470769086671553	117.76692655623226	0.543341	-0.281185	-0.467373	0.228026	1
32.904	1.809504185276246	94.5013472550122	-1.48674	-1.82021	2.03894	-0.0331985	1
47.3247	2.2349247145030766	142.6604950219575	-1.97851	-0.460533	-0.81559	-2.6198	1
27.596	1.6227538935063441	98.67422974470081	1.21959	0.486037	-0.813901	0.929659	1
19.1814	2.352415756015811	132.80561593055887	1.08359	-0.735575	0.033451	-2.21902	1
37.3929	2.2655967315894947	107.95729144559853	-1.48599	-1.15126	-2.58368	-0.310953	1
16.9523	0.9516068242483342	53.9962978893159	0.774999	-0.174317	3.11574	1.38334	1
34.6691	2.665607351531521	114.96624445326333	0.286815	0.0563983	-2.18983	2.77937	1
60.8976	1.6635160875594202	167.5414901764933	1.14387	1.30685	-2.44241	2.30262	1
48.3153	2.3503332486968898	152.2269347949994	-0.495017	0.779707	0.666703	-1.17576	1
38.1519	1.67177539225078	94.61324382284226	-0.372597	-0.0207145	2.50693	0.383253	1
47.8514	2.0269278066725622	99.49607006078831	0.59023	0.887939	0.947292	3.10298	1
36.6664	2.008796215856023	90.58977149081454	-1.23411	-1.15699	-0.27535	1.81866	1
16.2388	2.946920469595337	128.7792081640025	0.107935	0.287609	2.09987	2.05716	1
31.8285	1.6595945605343494	88.84910689456434	0.00211902	0.414264	-2.07039	2.54325	1
29.5814	1.657754202679034	86.8754482209302	2.24659	1.22512	-1.91253	0.80698	1
27.4747	2.872630964981542	99.99406204756309	-0.732808	-0.104138	-0.567115	1.25014	1
34.3965	1.8191442420633965	86.87078493233133	2.05195	2.29955	0.695145	2.92213	1
57.5926	4.474647919303341	773.3313067441841	2.25319	-1.15499	-0.714743	-1.71612	1
32.3196	1.8923827548529921	90.95584876014902	0.403821	0.822652	-2.85929	1.69067	1
21.5906	2.4079985399021213	102.53404989302237	0.14238	-0.330824	-1.25755	1.4948	1
27.102	1.460132945213209	86.29317346159834	0.167841	-0.967383	2.32722	-1.13914	1
45.2863	0.5234900046801276	137.862610539151	-1.35635	-1.578	3.12459	-0.795763	1
23.1974	2.5252505891562524	100.15887488710275	0.866813	1.75801	-2.31239	3.03323	1
52.8329	2.8980554156930536	148.944279581854	-2.32747	-1.45848	2.92948	-2.71616	1
43.6476	1.757621679567022	118.92174540706127	-0.898456	0.064816	-1.87232	3.10023	1
42.7483	1.608731253822403	116.73882058452132	0.226899	0.672311	1.56588	-2.35971	1
30.7493	2.0162267715458	97.71010173547258	0.752077	1.20517	-2.52438	2.15851	1
37.8027	2.0989271763946458	113.02972027723506	-0.383512	1.01158	0.5919	-2.26051	1
26.6459	2.4367543537509344	115.67647046632727	1.41391	1.52088	-0.567771	1.35752	1
31.6934	1.8056219048122144	83.31688301045293	-0.255872	-0.0530107	-1.08037	2.36386	1
35.8357	1.909742822256531	107.75885852168545	-1.36512	-0.17797	-1.75335	1.65059	1
15.0544	3.1430364419117067	94.90863455045384	-0.945869	-0.490868	0.574838	0.201318	1
25.6082	1.7615070401939925	86.68884239738351	0.612404	0.881102	2.45822	1.08461	1
29.8809	2.8112074120715778	117.5591258735595	-1.63779	0.0787202	-1.09389	-1.6624	1
32.7632	1.7109657346948828	92.97529630093739	1.81556	1.24103	2.04676	-0.32338	1
28.3999	1.5258546957590686	77.06248486728094	-0.980601	-1.46687	1.30733	-1.78295	1
51.7292	1.266209673343637	139.49040337449742	-0.24041	0.578453	0.945095	-1.03548	1
29.9279	1.5575397077252957	83.7832883971924	1.52292	2.37671	-2.83841	0.444706	1
43.5554	2.3895577824202117	156.33488073788877	-0.604163	-1.89181	3.0172	1.04269	1
43.5042	2.733479138929727	220.96884299773015	-0.387583	0.306159	-3.07978	1.42616	1
42.9143	1.6343655180160892	116.048917262258	0.206644	0.146432	2.38617	-0.940263	1
11.5995	3.1218003212585526	116.76863828460064	-1.66842	-0.431293	-1.44347	2.18285	1
32.3245	2.3877145521565177	90.15482391410622	0.384899	0.469593	2.40949	-0.353388	1
21.6143	2.0456797036342222	93.32538721734565	0.312759	-0.402851	-2.74768	1.05426	1
31.0522	1.5111539924508024	101.54191275517705	2.18904	1.61921	-1.91135	2.3504	1
20.1951	1.6395069758463976	126.41965728774895	1.06075	0.687985	1.71845	-0.879652	1
50.0088	1.3070211682688622	112.44895410348589	-2.07968	-1.6359	0.11507	2.57051	1
39.827	2.9986780934906974	147.17744016716676	1.71301	1.41358	-1.11592	-2.49541	1
14.8595	3.1476147433782664	93.97161856457247	-0.128055	0.434612	-0.868569	1.13686	1
64.4339	3.472511064860413	228.574944840199	1.789	-0.936723	2.84052	0.820027	1
31.689	2.4457675575011213	112.12724806739699	-1.44868	-1.56677	2.50344	-2.81291	1
20.5442	2.1973675384466387	194.75711827748017	0.255131	0.996975	2.94581	-2.08231	1
35.3814	1.6785003114426282	105.48094166358919	-1.79197	-0.404538	-1.60385	1.92009	1
20.9414	1.7415866413247787	93.046078221162	0.944281	1.68579	-0.636258	-3.042	1
26.4537	2.0603396656973847	121.27514951174179	0.0494001	1.53167	-1.54764	1.27426	1
29.1377	1.6221784335553227	84.89027132140326	0.861152	0.951938	-1.5716	-0.107426	1
26.2547	2.800484504107872	144.2063756354673	1.48429	0.575058	-1.6305	1.11722	1
45.9795	1.57468945468813	104.49368281170064	-0.809001	-1.23181	2.1557	-1.70802	1
31.344	2.8877320723252704	122.8790283435587	-0.86843	-1.36599	2.81405	-1.86006	1
13.6454	3.44473911920705	333.36859520134857	2.37455	0.0577456	-0.571939	-0.259844	1
32.2445	1.4699270128193442	99.14517043530634	-2.42464	-1.77171	-2.398	1.55475	1
42.302	2.0016200949472065	102.29710166207057	-0.507875	0.585642	0.860079	2.23384	1
32.5872	1.6196140338000284	98.486161959325	0.982779	1.72756	-1.82691	1.79989	1
52.2513	0.9271150294305449	124.48618976048535	-0.636721	-0.703457	1.55951	-1.66994	1
24.6648	2.415455576589435	100.33601963223178	0.356674	-0.650772	1.12212	-2.48928	1
36.7455	0.5143704900166806	101.46560427833866	-1.54776	-1.46839	0.152523	2.62691	1
20.1528	1.4482561049214704	80.93006606184319	-1.38004	-1.50337	0.15316	-2.26195	1
32.1602	1.8986043507903483	101.12352354104846	-1.19714	-1.92354	-2.32347	0.0222202	1
31.8412	3.242518152471008	146.79098936549497	0.778852	1.8647	2.54236	1.5599	1
25.2756	1.150429329519727	93.38019709665642	-0.850267	-0.883978	-0.110299	-2.0352	1
33.1463	1.8381470239793114	93.33723627898995	-1.34591	-0.72136	1.15587	-0.685378	1
38.5854	2.1207033504391886	97.20995973330918	-1.12743	-1.25114	-2.99362	-0.969722	1
43.2249	3.290349713209743	220.27149875278374	0.693201	-1.86371	1.00056	2.75791	1
65.2189	2.8316817270406363	214.69617953504113	0.166709	-0.943832	2.07189	3.12423	1
30.4328	3.4923857211251166	218.646919043809	-1.89386	0.646933	-0.582127	-2.14894	1
29.3932	3.0125303031058217	107.24546394329185	1.56763	1.25693	0.281523	1.50876	1
54.9002	2.3665755142453504	141.93192871412643	-0.00502179	0.964498	-2.5099	-1.2584	1
34.1873	2.106514783634549	127.54781616380542	1.44632	0.525498	-0.828452	-2.71459	1
27.3277	2.184944928374471	137.71338710446236	-0.386401	1.28259	0.961749	-2.94219	1
49.7665	3.041348815994149	168.5108924543455	-1.13685	-0.788559	-2.28442	-0.0290401	1
33.6181	2.1578253387672506	96.67460049405945	-1.12264	-0.277535	1.74257	-2.66719	1
36.1407	1.8868972573940002	92.42155140187812	0.685625	0.920356	2.72522	1.14533	1
28.4359	1.5543496512898893	111.24360993860232	-0.124255	0.354914	-2.45205	2.06801	1
24.308	1.86297778536132	99.20085544107096	-0.184278	-0.00206009	-2.58047	-0.221305	1
43.1428	2.1716494298257283	102.51479590461071	2.29835	1.46679	-1.47712	-0.0213229	1
17.1186	3.204116128733321	131.61207191649063	-0.14863	0.813898	0.528984	0.560925	1
10.5297	2.87337934495691	183.70154636387363	-0.964874	-0.604381	-1.46016	-0.717316	1
